var res = [{"n":"0","pts_time":"0.0","fps":"25.0","frame_idx":"1.0"},{"n":"1","pts_time":"1.0","fps":"25.0","frame_idx":"26.0"},{"n":"2","pts_time":"2.0","fps":"25.0","frame_idx":"51.0"},{"n":"3","pts_time":"3.0","fps":"25.0","frame_idx":"76.0"},{"n":"4","pts_time":"4.0","fps":"25.0","frame_idx":"101.0"},{"n":"5","pts_time":"5.0","fps":"25.0","frame_idx":"126.0"},{"n":"6","pts_time":"6.0","fps":"25.0","frame_idx":"151.0"},{"n":"7","pts_time":"7.0","fps":"25.0","frame_idx":"176.0"},{"n":"8","pts_time":"8.0","fps":"25.0","frame_idx":"201.0"},{"n":"9","pts_time":"9.0","fps":"25.0","frame_idx":"226.0"},{"n":"10","pts_time":"10.0","fps":"25.0","frame_idx":"251.0"},{"n":"11","pts_time":"11.0","fps":"25.0","frame_idx":"276.0"},{"n":"12","pts_time":"12.0","fps":"25.0","frame_idx":"301.0"},{"n":"13","pts_time":"13.0","fps":"25.0","frame_idx":"326.0"},{"n":"14","pts_time":"14.0","fps":"25.0","frame_idx":"351.0"},{"n":"15","pts_time":"15.0","fps":"25.0","frame_idx":"376.0"},{"n":"16","pts_time":"16.0","fps":"25.0","frame_idx":"401.0"},{"n":"17","pts_time":"17.0","fps":"25.0","frame_idx":"426.0"},{"n":"18","pts_time":"18.0","fps":"25.0","frame_idx":"451.0"},{"n":"19","pts_time":"19.0","fps":"25.0","frame_idx":"476.0"},{"n":"20","pts_time":"20.0","fps":"25.0","frame_idx":"501.0"},{"n":"21","pts_time":"21.0","fps":"25.0","frame_idx":"526.0"},{"n":"22","pts_time":"22.0","fps":"25.0","frame_idx":"551.0"},{"n":"23","pts_time":"23.0","fps":"25.0","frame_idx":"576.0"},{"n":"24","pts_time":"24.0","fps":"25.0","frame_idx":"601.0"},{"n":"25","pts_time":"25.0","fps":"25.0","frame_idx":"626.0"},{"n":"26","pts_time":"26.0","fps":"25.0","frame_idx":"651.0"},{"n":"27","pts_time":"27.0","fps":"25.0","frame_idx":"676.0"},{"n":"28","pts_time":"28.0","fps":"25.0","frame_idx":"701.0"},{"n":"29","pts_time":"29.0","fps":"25.0","frame_idx":"726.0"},{"n":"30","pts_time":"30.0","fps":"25.0","frame_idx":"751.0"},{"n":"31","pts_time":"31.0","fps":"25.0","frame_idx":"776.0"},{"n":"32","pts_time":"32.0","fps":"25.0","frame_idx":"801.0"},{"n":"33","pts_time":"33.0","fps":"25.0","frame_idx":"826.0"},{"n":"34","pts_time":"34.0","fps":"25.0","frame_idx":"851.0"},{"n":"35","pts_time":"35.0","fps":"25.0","frame_idx":"876.0"},{"n":"36","pts_time":"36.0","fps":"25.0","frame_idx":"901.0"},{"n":"37","pts_time":"37.0","fps":"25.0","frame_idx":"926.0"},{"n":"38","pts_time":"38.0","fps":"25.0","frame_idx":"951.0"},{"n":"39","pts_time":"39.0","fps":"25.0","frame_idx":"976.0"},{"n":"40","pts_time":"40.0","fps":"25.0","frame_idx":"1001.0"},{"n":"41","pts_time":"41.0","fps":"25.0","frame_idx":"1026.0"},{"n":"42","pts_time":"42.0","fps":"25.0","frame_idx":"1051.0"},{"n":"43","pts_time":"43.0","fps":"25.0","frame_idx":"1076.0"},{"n":"44","pts_time":"44.0","fps":"25.0","frame_idx":"1101.0"},{"n":"45","pts_time":"45.0","fps":"25.0","frame_idx":"1126.0"},{"n":"46","pts_time":"46.0","fps":"25.0","frame_idx":"1151.0"},{"n":"47","pts_time":"47.0","fps":"25.0","frame_idx":"1176.0"},{"n":"48","pts_time":"48.0","fps":"25.0","frame_idx":"1201.0"},{"n":"49","pts_time":"49.0","fps":"25.0","frame_idx":"1226.0"},{"n":"50","pts_time":"50.0","fps":"25.0","frame_idx":"1251.0"},{"n":"51","pts_time":"51.0","fps":"25.0","frame_idx":"1276.0"},{"n":"52","pts_time":"52.0","fps":"25.0","frame_idx":"1301.0"},{"n":"53","pts_time":"53.0","fps":"25.0","frame_idx":"1326.0"},{"n":"54","pts_time":"54.0","fps":"25.0","frame_idx":"1351.0"},{"n":"55","pts_time":"55.0","fps":"25.0","frame_idx":"1376.0"},{"n":"56","pts_time":"56.0","fps":"25.0","frame_idx":"1401.0"},{"n":"57","pts_time":"57.0","fps":"25.0","frame_idx":"1426.0"},{"n":"58","pts_time":"58.0","fps":"25.0","frame_idx":"1451.0"},{"n":"59","pts_time":"59.0","fps":"25.0","frame_idx":"1476.0"},{"n":"60","pts_time":"60.0","fps":"25.0","frame_idx":"1501.0"},{"n":"61","pts_time":"61.0","fps":"25.0","frame_idx":"1526.0"},{"n":"62","pts_time":"62.0","fps":"25.0","frame_idx":"1551.0"},{"n":"63","pts_time":"63.0","fps":"25.0","frame_idx":"1576.0"},{"n":"64","pts_time":"64.0","fps":"25.0","frame_idx":"1601.0"},{"n":"65","pts_time":"65.0","fps":"25.0","frame_idx":"1626.0"},{"n":"66","pts_time":"66.0","fps":"25.0","frame_idx":"1651.0"},{"n":"67","pts_time":"67.0","fps":"25.0","frame_idx":"1676.0"},{"n":"68","pts_time":"68.0","fps":"25.0","frame_idx":"1701.0"},{"n":"69","pts_time":"69.0","fps":"25.0","frame_idx":"1726.0"},{"n":"70","pts_time":"70.0","fps":"25.0","frame_idx":"1751.0"},{"n":"71","pts_time":"71.0","fps":"25.0","frame_idx":"1776.0"},{"n":"72","pts_time":"72.0","fps":"25.0","frame_idx":"1801.0"},{"n":"73","pts_time":"73.0","fps":"25.0","frame_idx":"1826.0"},{"n":"74","pts_time":"74.0","fps":"25.0","frame_idx":"1851.0"},{"n":"75","pts_time":"75.0","fps":"25.0","frame_idx":"1876.0"},{"n":"76","pts_time":"76.0","fps":"25.0","frame_idx":"1901.0"},{"n":"77","pts_time":"77.0","fps":"25.0","frame_idx":"1926.0"},{"n":"78","pts_time":"78.0","fps":"25.0","frame_idx":"1951.0"},{"n":"79","pts_time":"79.0","fps":"25.0","frame_idx":"1976.0"},{"n":"80","pts_time":"80.0","fps":"25.0","frame_idx":"2001.0"},{"n":"81","pts_time":"81.0","fps":"25.0","frame_idx":"2026.0"},{"n":"82","pts_time":"82.0","fps":"25.0","frame_idx":"2051.0"},{"n":"83","pts_time":"83.0","fps":"25.0","frame_idx":"2076.0"},{"n":"84","pts_time":"84.0","fps":"25.0","frame_idx":"2101.0"},{"n":"85","pts_time":"85.0","fps":"25.0","frame_idx":"2126.0"},{"n":"86","pts_time":"86.0","fps":"25.0","frame_idx":"2151.0"},{"n":"87","pts_time":"87.0","fps":"25.0","frame_idx":"2176.0"},{"n":"88","pts_time":"88.0","fps":"25.0","frame_idx":"2201.0"},{"n":"89","pts_time":"89.0","fps":"25.0","frame_idx":"2226.0"},{"n":"90","pts_time":"90.0","fps":"25.0","frame_idx":"2251.0"},{"n":"91","pts_time":"91.0","fps":"25.0","frame_idx":"2276.0"},{"n":"92","pts_time":"92.0","fps":"25.0","frame_idx":"2301.0"},{"n":"93","pts_time":"93.0","fps":"25.0","frame_idx":"2326.0"},{"n":"94","pts_time":"94.0","fps":"25.0","frame_idx":"2351.0"},{"n":"95","pts_time":"95.0","fps":"25.0","frame_idx":"2376.0"},{"n":"96","pts_time":"96.0","fps":"25.0","frame_idx":"2401.0"},{"n":"97","pts_time":"97.0","fps":"25.0","frame_idx":"2426.0"},{"n":"98","pts_time":"98.0","fps":"25.0","frame_idx":"2451.0"},{"n":"99","pts_time":"99.0","fps":"25.0","frame_idx":"2476.0"},{"n":"100","pts_time":"100.0","fps":"25.0","frame_idx":"2501.0"},{"n":"101","pts_time":"101.0","fps":"25.0","frame_idx":"2526.0"},{"n":"102","pts_time":"102.0","fps":"25.0","frame_idx":"2551.0"},{"n":"103","pts_time":"103.0","fps":"25.0","frame_idx":"2576.0"},{"n":"104","pts_time":"104.0","fps":"25.0","frame_idx":"2601.0"},{"n":"105","pts_time":"105.0","fps":"25.0","frame_idx":"2626.0"},{"n":"106","pts_time":"106.0","fps":"25.0","frame_idx":"2651.0"},{"n":"107","pts_time":"107.0","fps":"25.0","frame_idx":"2676.0"},{"n":"108","pts_time":"108.0","fps":"25.0","frame_idx":"2701.0"},{"n":"109","pts_time":"109.0","fps":"25.0","frame_idx":"2726.0"},{"n":"110","pts_time":"110.0","fps":"25.0","frame_idx":"2751.0"},{"n":"111","pts_time":"111.0","fps":"25.0","frame_idx":"2776.0"},{"n":"112","pts_time":"112.0","fps":"25.0","frame_idx":"2801.0"},{"n":"113","pts_time":"113.0","fps":"25.0","frame_idx":"2826.0"},{"n":"114","pts_time":"114.0","fps":"25.0","frame_idx":"2851.0"},{"n":"115","pts_time":"115.0","fps":"25.0","frame_idx":"2876.0"},{"n":"116","pts_time":"116.0","fps":"25.0","frame_idx":"2901.0"},{"n":"117","pts_time":"117.0","fps":"25.0","frame_idx":"2926.0"},{"n":"118","pts_time":"118.0","fps":"25.0","frame_idx":"2951.0"},{"n":"119","pts_time":"119.0","fps":"25.0","frame_idx":"2976.0"},{"n":"120","pts_time":"120.0","fps":"25.0","frame_idx":"3001.0"},{"n":"121","pts_time":"121.0","fps":"25.0","frame_idx":"3026.0"},{"n":"122","pts_time":"122.0","fps":"25.0","frame_idx":"3051.0"},{"n":"123","pts_time":"123.0","fps":"25.0","frame_idx":"3076.0"},{"n":"124","pts_time":"124.0","fps":"25.0","frame_idx":"3101.0"},{"n":"125","pts_time":"125.0","fps":"25.0","frame_idx":"3126.0"},{"n":"126","pts_time":"126.0","fps":"25.0","frame_idx":"3151.0"},{"n":"127","pts_time":"127.0","fps":"25.0","frame_idx":"3176.0"},{"n":"128","pts_time":"128.0","fps":"25.0","frame_idx":"3201.0"},{"n":"129","pts_time":"129.0","fps":"25.0","frame_idx":"3226.0"},{"n":"130","pts_time":"130.0","fps":"25.0","frame_idx":"3251.0"},{"n":"131","pts_time":"131.0","fps":"25.0","frame_idx":"3276.0"},{"n":"132","pts_time":"132.0","fps":"25.0","frame_idx":"3301.0"},{"n":"133","pts_time":"133.0","fps":"25.0","frame_idx":"3326.0"},{"n":"134","pts_time":"134.0","fps":"25.0","frame_idx":"3351.0"},{"n":"135","pts_time":"135.0","fps":"25.0","frame_idx":"3376.0"},{"n":"136","pts_time":"136.0","fps":"25.0","frame_idx":"3401.0"},{"n":"137","pts_time":"137.0","fps":"25.0","frame_idx":"3426.0"},{"n":"138","pts_time":"138.0","fps":"25.0","frame_idx":"3451.0"},{"n":"139","pts_time":"139.0","fps":"25.0","frame_idx":"3476.0"},{"n":"140","pts_time":"140.0","fps":"25.0","frame_idx":"3501.0"},{"n":"141","pts_time":"141.0","fps":"25.0","frame_idx":"3526.0"},{"n":"142","pts_time":"142.0","fps":"25.0","frame_idx":"3551.0"},{"n":"143","pts_time":"143.0","fps":"25.0","frame_idx":"3576.0"},{"n":"144","pts_time":"144.0","fps":"25.0","frame_idx":"3601.0"},{"n":"145","pts_time":"145.0","fps":"25.0","frame_idx":"3626.0"},{"n":"146","pts_time":"146.0","fps":"25.0","frame_idx":"3651.0"},{"n":"147","pts_time":"147.0","fps":"25.0","frame_idx":"3676.0"},{"n":"148","pts_time":"148.0","fps":"25.0","frame_idx":"3701.0"},{"n":"149","pts_time":"149.0","fps":"25.0","frame_idx":"3726.0"},{"n":"150","pts_time":"150.0","fps":"25.0","frame_idx":"3751.0"},{"n":"151","pts_time":"151.0","fps":"25.0","frame_idx":"3776.0"},{"n":"152","pts_time":"152.0","fps":"25.0","frame_idx":"3801.0"},{"n":"153","pts_time":"153.0","fps":"25.0","frame_idx":"3826.0"},{"n":"154","pts_time":"154.0","fps":"25.0","frame_idx":"3851.0"},{"n":"155","pts_time":"155.0","fps":"25.0","frame_idx":"3876.0"},{"n":"156","pts_time":"156.0","fps":"25.0","frame_idx":"3901.0"},{"n":"157","pts_time":"157.0","fps":"25.0","frame_idx":"3926.0"},{"n":"158","pts_time":"158.0","fps":"25.0","frame_idx":"3951.0"},{"n":"159","pts_time":"159.0","fps":"25.0","frame_idx":"3976.0"},{"n":"160","pts_time":"160.0","fps":"25.0","frame_idx":"4001.0"},{"n":"161","pts_time":"161.0","fps":"25.0","frame_idx":"4026.0"},{"n":"162","pts_time":"162.0","fps":"25.0","frame_idx":"4051.0"},{"n":"163","pts_time":"163.0","fps":"25.0","frame_idx":"4076.0"},{"n":"164","pts_time":"164.0","fps":"25.0","frame_idx":"4101.0"},{"n":"165","pts_time":"165.0","fps":"25.0","frame_idx":"4126.0"},{"n":"166","pts_time":"166.0","fps":"25.0","frame_idx":"4151.0"},{"n":"167","pts_time":"167.0","fps":"25.0","frame_idx":"4176.0"},{"n":"168","pts_time":"168.0","fps":"25.0","frame_idx":"4201.0"},{"n":"169","pts_time":"169.0","fps":"25.0","frame_idx":"4226.0"},{"n":"170","pts_time":"170.0","fps":"25.0","frame_idx":"4251.0"},{"n":"171","pts_time":"171.0","fps":"25.0","frame_idx":"4276.0"},{"n":"172","pts_time":"172.0","fps":"25.0","frame_idx":"4301.0"},{"n":"173","pts_time":"173.0","fps":"25.0","frame_idx":"4326.0"},{"n":"174","pts_time":"174.0","fps":"25.0","frame_idx":"4351.0"},{"n":"175","pts_time":"175.0","fps":"25.0","frame_idx":"4376.0"},{"n":"176","pts_time":"176.0","fps":"25.0","frame_idx":"4401.0"},{"n":"177","pts_time":"177.0","fps":"25.0","frame_idx":"4426.0"},{"n":"178","pts_time":"178.0","fps":"25.0","frame_idx":"4451.0"},{"n":"179","pts_time":"179.0","fps":"25.0","frame_idx":"4476.0"},{"n":"180","pts_time":"180.0","fps":"25.0","frame_idx":"4501.0"},{"n":"181","pts_time":"181.0","fps":"25.0","frame_idx":"4526.0"},{"n":"182","pts_time":"182.0","fps":"25.0","frame_idx":"4551.0"},{"n":"183","pts_time":"183.0","fps":"25.0","frame_idx":"4576.0"},{"n":"184","pts_time":"184.0","fps":"25.0","frame_idx":"4601.0"},{"n":"185","pts_time":"185.0","fps":"25.0","frame_idx":"4626.0"},{"n":"186","pts_time":"186.0","fps":"25.0","frame_idx":"4651.0"},{"n":"187","pts_time":"187.0","fps":"25.0","frame_idx":"4676.0"},{"n":"188","pts_time":"188.0","fps":"25.0","frame_idx":"4701.0"},{"n":"189","pts_time":"189.0","fps":"25.0","frame_idx":"4726.0"},{"n":"190","pts_time":"190.0","fps":"25.0","frame_idx":"4751.0"},{"n":"191","pts_time":"191.0","fps":"25.0","frame_idx":"4776.0"},{"n":"192","pts_time":"192.0","fps":"25.0","frame_idx":"4801.0"},{"n":"193","pts_time":"193.0","fps":"25.0","frame_idx":"4826.0"},{"n":"194","pts_time":"194.0","fps":"25.0","frame_idx":"4851.0"},{"n":"195","pts_time":"195.0","fps":"25.0","frame_idx":"4876.0"},{"n":"196","pts_time":"196.0","fps":"25.0","frame_idx":"4901.0"},{"n":"197","pts_time":"197.0","fps":"25.0","frame_idx":"4926.0"},{"n":"198","pts_time":"198.0","fps":"25.0","frame_idx":"4951.0"},{"n":"199","pts_time":"199.0","fps":"25.0","frame_idx":"4976.0"},{"n":"200","pts_time":"200.0","fps":"25.0","frame_idx":"5001.0"},{"n":"201","pts_time":"201.0","fps":"25.0","frame_idx":"5026.0"},{"n":"202","pts_time":"202.0","fps":"25.0","frame_idx":"5051.0"},{"n":"203","pts_time":"203.0","fps":"25.0","frame_idx":"5076.0"},{"n":"204","pts_time":"204.0","fps":"25.0","frame_idx":"5101.0"},{"n":"205","pts_time":"205.0","fps":"25.0","frame_idx":"5126.0"},{"n":"206","pts_time":"206.0","fps":"25.0","frame_idx":"5151.0"},{"n":"207","pts_time":"207.0","fps":"25.0","frame_idx":"5176.0"},{"n":"208","pts_time":"208.0","fps":"25.0","frame_idx":"5201.0"},{"n":"209","pts_time":"209.0","fps":"25.0","frame_idx":"5226.0"},{"n":"210","pts_time":"210.0","fps":"25.0","frame_idx":"5251.0"},{"n":"211","pts_time":"211.0","fps":"25.0","frame_idx":"5276.0"},{"n":"212","pts_time":"212.0","fps":"25.0","frame_idx":"5301.0"},{"n":"213","pts_time":"213.0","fps":"25.0","frame_idx":"5326.0"},{"n":"214","pts_time":"214.0","fps":"25.0","frame_idx":"5351.0"},{"n":"215","pts_time":"215.0","fps":"25.0","frame_idx":"5376.0"},{"n":"216","pts_time":"216.0","fps":"25.0","frame_idx":"5401.0"},{"n":"217","pts_time":"217.0","fps":"25.0","frame_idx":"5426.0"},{"n":"218","pts_time":"218.0","fps":"25.0","frame_idx":"5451.0"},{"n":"219","pts_time":"219.0","fps":"25.0","frame_idx":"5476.0"},{"n":"220","pts_time":"220.0","fps":"25.0","frame_idx":"5501.0"},{"n":"221","pts_time":"221.0","fps":"25.0","frame_idx":"5526.0"},{"n":"222","pts_time":"222.0","fps":"25.0","frame_idx":"5551.0"},{"n":"223","pts_time":"223.0","fps":"25.0","frame_idx":"5576.0"},{"n":"224","pts_time":"224.0","fps":"25.0","frame_idx":"5601.0"},{"n":"225","pts_time":"225.0","fps":"25.0","frame_idx":"5626.0"},{"n":"226","pts_time":"226.0","fps":"25.0","frame_idx":"5651.0"},{"n":"227","pts_time":"227.0","fps":"25.0","frame_idx":"5676.0"},{"n":"228","pts_time":"228.0","fps":"25.0","frame_idx":"5701.0"},{"n":"229","pts_time":"229.0","fps":"25.0","frame_idx":"5726.0"},{"n":"230","pts_time":"230.0","fps":"25.0","frame_idx":"5751.0"},{"n":"231","pts_time":"231.0","fps":"25.0","frame_idx":"5776.0"},{"n":"232","pts_time":"232.0","fps":"25.0","frame_idx":"5801.0"},{"n":"233","pts_time":"233.0","fps":"25.0","frame_idx":"5826.0"},{"n":"234","pts_time":"234.0","fps":"25.0","frame_idx":"5851.0"},{"n":"235","pts_time":"235.0","fps":"25.0","frame_idx":"5876.0"},{"n":"236","pts_time":"236.0","fps":"25.0","frame_idx":"5901.0"},{"n":"237","pts_time":"237.0","fps":"25.0","frame_idx":"5926.0"},{"n":"238","pts_time":"238.0","fps":"25.0","frame_idx":"5951.0"},{"n":"239","pts_time":"239.0","fps":"25.0","frame_idx":"5976.0"},{"n":"240","pts_time":"240.0","fps":"25.0","frame_idx":"6001.0"},{"n":"241","pts_time":"241.0","fps":"25.0","frame_idx":"6026.0"},{"n":"242","pts_time":"242.0","fps":"25.0","frame_idx":"6051.0"},{"n":"243","pts_time":"243.0","fps":"25.0","frame_idx":"6076.0"},{"n":"244","pts_time":"244.0","fps":"25.0","frame_idx":"6101.0"},{"n":"245","pts_time":"245.0","fps":"25.0","frame_idx":"6126.0"},{"n":"246","pts_time":"246.0","fps":"25.0","frame_idx":"6151.0"},{"n":"247","pts_time":"247.0","fps":"25.0","frame_idx":"6176.0"},{"n":"248","pts_time":"248.0","fps":"25.0","frame_idx":"6201.0"},{"n":"249","pts_time":"249.0","fps":"25.0","frame_idx":"6226.0"},{"n":"250","pts_time":"250.0","fps":"25.0","frame_idx":"6251.0"},{"n":"251","pts_time":"251.0","fps":"25.0","frame_idx":"6276.0"},{"n":"252","pts_time":"252.0","fps":"25.0","frame_idx":"6301.0"},{"n":"253","pts_time":"253.0","fps":"25.0","frame_idx":"6326.0"},{"n":"254","pts_time":"254.0","fps":"25.0","frame_idx":"6351.0"},{"n":"255","pts_time":"255.0","fps":"25.0","frame_idx":"6376.0"},{"n":"256","pts_time":"256.0","fps":"25.0","frame_idx":"6401.0"},{"n":"257","pts_time":"257.0","fps":"25.0","frame_idx":"6426.0"},{"n":"258","pts_time":"258.0","fps":"25.0","frame_idx":"6451.0"},{"n":"259","pts_time":"259.0","fps":"25.0","frame_idx":"6476.0"},{"n":"260","pts_time":"260.0","fps":"25.0","frame_idx":"6501.0"},{"n":"261","pts_time":"261.0","fps":"25.0","frame_idx":"6526.0"},{"n":"262","pts_time":"262.0","fps":"25.0","frame_idx":"6551.0"},{"n":"263","pts_time":"263.0","fps":"25.0","frame_idx":"6576.0"},{"n":"264","pts_time":"264.0","fps":"25.0","frame_idx":"6601.0"},{"n":"265","pts_time":"265.0","fps":"25.0","frame_idx":"6626.0"},{"n":"266","pts_time":"266.0","fps":"25.0","frame_idx":"6651.0"},{"n":"267","pts_time":"267.0","fps":"25.0","frame_idx":"6676.0"},{"n":"268","pts_time":"268.0","fps":"25.0","frame_idx":"6701.0"},{"n":"269","pts_time":"269.0","fps":"25.0","frame_idx":"6726.0"},{"n":"270","pts_time":"270.0","fps":"25.0","frame_idx":"6751.0"},{"n":"271","pts_time":"271.0","fps":"25.0","frame_idx":"6776.0"},{"n":"272","pts_time":"272.0","fps":"25.0","frame_idx":"6801.0"},{"n":"273","pts_time":"273.0","fps":"25.0","frame_idx":"6826.0"},{"n":"274","pts_time":"274.0","fps":"25.0","frame_idx":"6851.0"},{"n":"275","pts_time":"275.0","fps":"25.0","frame_idx":"6876.0"},{"n":"276","pts_time":"276.0","fps":"25.0","frame_idx":"6901.0"},{"n":"277","pts_time":"277.0","fps":"25.0","frame_idx":"6926.0"},{"n":"278","pts_time":"278.0","fps":"25.0","frame_idx":"6951.0"},{"n":"279","pts_time":"279.0","fps":"25.0","frame_idx":"6976.0"},{"n":"280","pts_time":"280.0","fps":"25.0","frame_idx":"7001.0"},{"n":"281","pts_time":"281.0","fps":"25.0","frame_idx":"7026.0"},{"n":"282","pts_time":"282.0","fps":"25.0","frame_idx":"7051.0"},{"n":"283","pts_time":"283.0","fps":"25.0","frame_idx":"7076.0"},{"n":"284","pts_time":"284.0","fps":"25.0","frame_idx":"7101.0"},{"n":"285","pts_time":"285.0","fps":"25.0","frame_idx":"7126.0"},{"n":"286","pts_time":"286.0","fps":"25.0","frame_idx":"7151.0"},{"n":"287","pts_time":"287.0","fps":"25.0","frame_idx":"7176.0"},{"n":"288","pts_time":"288.0","fps":"25.0","frame_idx":"7201.0"},{"n":"289","pts_time":"289.0","fps":"25.0","frame_idx":"7226.0"},{"n":"290","pts_time":"290.0","fps":"25.0","frame_idx":"7251.0"},{"n":"291","pts_time":"291.0","fps":"25.0","frame_idx":"7276.0"},{"n":"292","pts_time":"292.0","fps":"25.0","frame_idx":"7301.0"},{"n":"293","pts_time":"293.0","fps":"25.0","frame_idx":"7326.0"},{"n":"294","pts_time":"294.0","fps":"25.0","frame_idx":"7351.0"},{"n":"295","pts_time":"295.0","fps":"25.0","frame_idx":"7376.0"},{"n":"296","pts_time":"296.0","fps":"25.0","frame_idx":"7401.0"},{"n":"297","pts_time":"297.0","fps":"25.0","frame_idx":"7426.0"},{"n":"298","pts_time":"298.0","fps":"25.0","frame_idx":"7451.0"},{"n":"299","pts_time":"299.0","fps":"25.0","frame_idx":"7476.0"},{"n":"300","pts_time":"300.0","fps":"25.0","frame_idx":"7501.0"},{"n":"301","pts_time":"301.0","fps":"25.0","frame_idx":"7526.0"},{"n":"302","pts_time":"302.0","fps":"25.0","frame_idx":"7551.0"},{"n":"303","pts_time":"303.0","fps":"25.0","frame_idx":"7576.0"},{"n":"304","pts_time":"304.0","fps":"25.0","frame_idx":"7601.0"},{"n":"305","pts_time":"305.0","fps":"25.0","frame_idx":"7626.0"},{"n":"306","pts_time":"306.0","fps":"25.0","frame_idx":"7651.0"},{"n":"307","pts_time":"307.0","fps":"25.0","frame_idx":"7676.0"},{"n":"308","pts_time":"308.0","fps":"25.0","frame_idx":"7701.0"},{"n":"309","pts_time":"309.0","fps":"25.0","frame_idx":"7726.0"},{"n":"310","pts_time":"310.0","fps":"25.0","frame_idx":"7751.0"},{"n":"311","pts_time":"311.0","fps":"25.0","frame_idx":"7776.0"},{"n":"312","pts_time":"312.0","fps":"25.0","frame_idx":"7801.0"},{"n":"313","pts_time":"313.0","fps":"25.0","frame_idx":"7826.0"},{"n":"314","pts_time":"314.0","fps":"25.0","frame_idx":"7851.0"},{"n":"315","pts_time":"315.0","fps":"25.0","frame_idx":"7876.0"},{"n":"316","pts_time":"316.0","fps":"25.0","frame_idx":"7901.0"},{"n":"317","pts_time":"317.0","fps":"25.0","frame_idx":"7926.0"},{"n":"318","pts_time":"318.0","fps":"25.0","frame_idx":"7951.0"},{"n":"319","pts_time":"319.0","fps":"25.0","frame_idx":"7976.0"},{"n":"320","pts_time":"320.0","fps":"25.0","frame_idx":"8001.0"},{"n":"321","pts_time":"321.0","fps":"25.0","frame_idx":"8026.0"},{"n":"322","pts_time":"322.0","fps":"25.0","frame_idx":"8051.0"},{"n":"323","pts_time":"323.0","fps":"25.0","frame_idx":"8076.0"},{"n":"324","pts_time":"324.0","fps":"25.0","frame_idx":"8101.0"},{"n":"325","pts_time":"325.0","fps":"25.0","frame_idx":"8126.0"},{"n":"326","pts_time":"326.0","fps":"25.0","frame_idx":"8151.0"},{"n":"327","pts_time":"327.0","fps":"25.0","frame_idx":"8176.0"},{"n":"328","pts_time":"328.0","fps":"25.0","frame_idx":"8201.0"},{"n":"329","pts_time":"329.0","fps":"25.0","frame_idx":"8226.0"},{"n":"330","pts_time":"330.0","fps":"25.0","frame_idx":"8251.0"},{"n":"331","pts_time":"331.0","fps":"25.0","frame_idx":"8276.0"},{"n":"332","pts_time":"332.0","fps":"25.0","frame_idx":"8301.0"},{"n":"333","pts_time":"333.0","fps":"25.0","frame_idx":"8326.0"},{"n":"334","pts_time":"334.0","fps":"25.0","frame_idx":"8351.0"},{"n":"335","pts_time":"335.0","fps":"25.0","frame_idx":"8376.0"},{"n":"336","pts_time":"336.0","fps":"25.0","frame_idx":"8401.0"},{"n":"337","pts_time":"337.0","fps":"25.0","frame_idx":"8426.0"},{"n":"338","pts_time":"338.0","fps":"25.0","frame_idx":"8451.0"},{"n":"339","pts_time":"339.0","fps":"25.0","frame_idx":"8476.0"},{"n":"340","pts_time":"340.0","fps":"25.0","frame_idx":"8501.0"},{"n":"341","pts_time":"341.0","fps":"25.0","frame_idx":"8526.0"},{"n":"342","pts_time":"342.0","fps":"25.0","frame_idx":"8551.0"},{"n":"343","pts_time":"343.0","fps":"25.0","frame_idx":"8576.0"},{"n":"344","pts_time":"344.0","fps":"25.0","frame_idx":"8601.0"},{"n":"345","pts_time":"345.0","fps":"25.0","frame_idx":"8626.0"},{"n":"346","pts_time":"346.0","fps":"25.0","frame_idx":"8651.0"},{"n":"347","pts_time":"347.0","fps":"25.0","frame_idx":"8676.0"},{"n":"348","pts_time":"348.0","fps":"25.0","frame_idx":"8701.0"},{"n":"349","pts_time":"349.0","fps":"25.0","frame_idx":"8726.0"},{"n":"350","pts_time":"350.0","fps":"25.0","frame_idx":"8751.0"},{"n":"351","pts_time":"351.0","fps":"25.0","frame_idx":"8776.0"},{"n":"352","pts_time":"352.0","fps":"25.0","frame_idx":"8801.0"},{"n":"353","pts_time":"353.0","fps":"25.0","frame_idx":"8826.0"},{"n":"354","pts_time":"354.0","fps":"25.0","frame_idx":"8851.0"},{"n":"355","pts_time":"355.0","fps":"25.0","frame_idx":"8876.0"},{"n":"356","pts_time":"356.0","fps":"25.0","frame_idx":"8901.0"},{"n":"357","pts_time":"357.0","fps":"25.0","frame_idx":"8926.0"},{"n":"358","pts_time":"358.0","fps":"25.0","frame_idx":"8951.0"},{"n":"359","pts_time":"359.0","fps":"25.0","frame_idx":"8976.0"},{"n":"360","pts_time":"360.0","fps":"25.0","frame_idx":"9001.0"},{"n":"361","pts_time":"361.0","fps":"25.0","frame_idx":"9026.0"},{"n":"362","pts_time":"362.0","fps":"25.0","frame_idx":"9051.0"},{"n":"363","pts_time":"363.0","fps":"25.0","frame_idx":"9076.0"},{"n":"364","pts_time":"364.0","fps":"25.0","frame_idx":"9101.0"},{"n":"365","pts_time":"365.0","fps":"25.0","frame_idx":"9126.0"},{"n":"366","pts_time":"366.0","fps":"25.0","frame_idx":"9151.0"},{"n":"367","pts_time":"367.0","fps":"25.0","frame_idx":"9176.0"},{"n":"368","pts_time":"368.0","fps":"25.0","frame_idx":"9201.0"},{"n":"369","pts_time":"369.0","fps":"25.0","frame_idx":"9226.0"},{"n":"370","pts_time":"370.0","fps":"25.0","frame_idx":"9251.0"},{"n":"371","pts_time":"371.0","fps":"25.0","frame_idx":"9276.0"},{"n":"372","pts_time":"372.0","fps":"25.0","frame_idx":"9301.0"},{"n":"373","pts_time":"373.0","fps":"25.0","frame_idx":"9326.0"},{"n":"374","pts_time":"374.0","fps":"25.0","frame_idx":"9351.0"},{"n":"375","pts_time":"375.0","fps":"25.0","frame_idx":"9376.0"},{"n":"376","pts_time":"376.0","fps":"25.0","frame_idx":"9401.0"},{"n":"377","pts_time":"377.0","fps":"25.0","frame_idx":"9426.0"},{"n":"378","pts_time":"378.0","fps":"25.0","frame_idx":"9451.0"},{"n":"379","pts_time":"379.0","fps":"25.0","frame_idx":"9476.0"},{"n":"380","pts_time":"380.0","fps":"25.0","frame_idx":"9501.0"},{"n":"381","pts_time":"381.0","fps":"25.0","frame_idx":"9526.0"},{"n":"382","pts_time":"382.0","fps":"25.0","frame_idx":"9551.0"},{"n":"383","pts_time":"383.0","fps":"25.0","frame_idx":"9576.0"},{"n":"384","pts_time":"384.0","fps":"25.0","frame_idx":"9601.0"},{"n":"385","pts_time":"385.0","fps":"25.0","frame_idx":"9626.0"},{"n":"386","pts_time":"386.0","fps":"25.0","frame_idx":"9651.0"},{"n":"387","pts_time":"387.0","fps":"25.0","frame_idx":"9676.0"},{"n":"388","pts_time":"388.0","fps":"25.0","frame_idx":"9701.0"},{"n":"389","pts_time":"389.0","fps":"25.0","frame_idx":"9726.0"},{"n":"390","pts_time":"390.0","fps":"25.0","frame_idx":"9751.0"},{"n":"391","pts_time":"391.0","fps":"25.0","frame_idx":"9776.0"},{"n":"392","pts_time":"392.0","fps":"25.0","frame_idx":"9801.0"},{"n":"393","pts_time":"393.0","fps":"25.0","frame_idx":"9826.0"},{"n":"394","pts_time":"394.0","fps":"25.0","frame_idx":"9851.0"},{"n":"395","pts_time":"395.0","fps":"25.0","frame_idx":"9876.0"},{"n":"396","pts_time":"396.0","fps":"25.0","frame_idx":"9901.0"},{"n":"397","pts_time":"397.0","fps":"25.0","frame_idx":"9926.0"},{"n":"398","pts_time":"398.0","fps":"25.0","frame_idx":"9951.0"},{"n":"399","pts_time":"399.0","fps":"25.0","frame_idx":"9976.0"},{"n":"400","pts_time":"400.0","fps":"25.0","frame_idx":"10001.0"},{"n":"401","pts_time":"401.0","fps":"25.0","frame_idx":"10026.0"},{"n":"402","pts_time":"402.0","fps":"25.0","frame_idx":"10051.0"},{"n":"403","pts_time":"403.0","fps":"25.0","frame_idx":"10076.0"},{"n":"404","pts_time":"404.0","fps":"25.0","frame_idx":"10101.0"},{"n":"405","pts_time":"405.0","fps":"25.0","frame_idx":"10126.0"},{"n":"406","pts_time":"406.0","fps":"25.0","frame_idx":"10151.0"},{"n":"407","pts_time":"407.0","fps":"25.0","frame_idx":"10176.0"},{"n":"408","pts_time":"408.0","fps":"25.0","frame_idx":"10201.0"},{"n":"409","pts_time":"409.0","fps":"25.0","frame_idx":"10226.0"},{"n":"410","pts_time":"410.0","fps":"25.0","frame_idx":"10251.0"},{"n":"411","pts_time":"411.0","fps":"25.0","frame_idx":"10276.0"},{"n":"412","pts_time":"412.0","fps":"25.0","frame_idx":"10301.0"},{"n":"413","pts_time":"413.0","fps":"25.0","frame_idx":"10326.0"},{"n":"414","pts_time":"414.0","fps":"25.0","frame_idx":"10351.0"},{"n":"415","pts_time":"415.0","fps":"25.0","frame_idx":"10376.0"},{"n":"416","pts_time":"416.0","fps":"25.0","frame_idx":"10401.0"},{"n":"417","pts_time":"417.0","fps":"25.0","frame_idx":"10426.0"},{"n":"418","pts_time":"418.0","fps":"25.0","frame_idx":"10451.0"},{"n":"419","pts_time":"419.0","fps":"25.0","frame_idx":"10476.0"},{"n":"420","pts_time":"420.0","fps":"25.0","frame_idx":"10501.0"},{"n":"421","pts_time":"421.0","fps":"25.0","frame_idx":"10526.0"},{"n":"422","pts_time":"422.0","fps":"25.0","frame_idx":"10551.0"},{"n":"423","pts_time":"423.0","fps":"25.0","frame_idx":"10576.0"},{"n":"424","pts_time":"424.0","fps":"25.0","frame_idx":"10601.0"},{"n":"425","pts_time":"425.0","fps":"25.0","frame_idx":"10626.0"},{"n":"426","pts_time":"426.0","fps":"25.0","frame_idx":"10651.0"},{"n":"427","pts_time":"427.0","fps":"25.0","frame_idx":"10676.0"},{"n":"428","pts_time":"428.0","fps":"25.0","frame_idx":"10701.0"},{"n":"429","pts_time":"429.0","fps":"25.0","frame_idx":"10726.0"},{"n":"430","pts_time":"430.0","fps":"25.0","frame_idx":"10751.0"},{"n":"431","pts_time":"431.0","fps":"25.0","frame_idx":"10776.0"},{"n":"432","pts_time":"432.0","fps":"25.0","frame_idx":"10801.0"},{"n":"433","pts_time":"433.0","fps":"25.0","frame_idx":"10826.0"},{"n":"434","pts_time":"434.0","fps":"25.0","frame_idx":"10851.0"},{"n":"435","pts_time":"435.0","fps":"25.0","frame_idx":"10876.0"},{"n":"436","pts_time":"436.0","fps":"25.0","frame_idx":"10901.0"},{"n":"437","pts_time":"437.0","fps":"25.0","frame_idx":"10926.0"},{"n":"438","pts_time":"438.0","fps":"25.0","frame_idx":"10951.0"},{"n":"439","pts_time":"439.0","fps":"25.0","frame_idx":"10976.0"},{"n":"440","pts_time":"440.0","fps":"25.0","frame_idx":"11001.0"},{"n":"441","pts_time":"441.0","fps":"25.0","frame_idx":"11026.0"},{"n":"442","pts_time":"442.0","fps":"25.0","frame_idx":"11051.0"},{"n":"443","pts_time":"443.0","fps":"25.0","frame_idx":"11076.0"},{"n":"444","pts_time":"444.0","fps":"25.0","frame_idx":"11101.0"},{"n":"445","pts_time":"445.0","fps":"25.0","frame_idx":"11126.0"},{"n":"446","pts_time":"446.0","fps":"25.0","frame_idx":"11151.0"},{"n":"447","pts_time":"447.0","fps":"25.0","frame_idx":"11176.0"},{"n":"448","pts_time":"448.0","fps":"25.0","frame_idx":"11201.0"},{"n":"449","pts_time":"449.0","fps":"25.0","frame_idx":"11226.0"},{"n":"450","pts_time":"450.0","fps":"25.0","frame_idx":"11251.0"},{"n":"451","pts_time":"451.0","fps":"25.0","frame_idx":"11276.0"},{"n":"452","pts_time":"452.0","fps":"25.0","frame_idx":"11301.0"},{"n":"453","pts_time":"453.0","fps":"25.0","frame_idx":"11326.0"},{"n":"454","pts_time":"454.0","fps":"25.0","frame_idx":"11351.0"},{"n":"455","pts_time":"455.0","fps":"25.0","frame_idx":"11376.0"},{"n":"456","pts_time":"456.0","fps":"25.0","frame_idx":"11401.0"},{"n":"457","pts_time":"457.0","fps":"25.0","frame_idx":"11426.0"},{"n":"458","pts_time":"458.0","fps":"25.0","frame_idx":"11451.0"},{"n":"459","pts_time":"459.0","fps":"25.0","frame_idx":"11476.0"},{"n":"460","pts_time":"460.0","fps":"25.0","frame_idx":"11501.0"},{"n":"461","pts_time":"461.0","fps":"25.0","frame_idx":"11526.0"},{"n":"462","pts_time":"462.0","fps":"25.0","frame_idx":"11551.0"},{"n":"463","pts_time":"463.0","fps":"25.0","frame_idx":"11576.0"},{"n":"464","pts_time":"464.0","fps":"25.0","frame_idx":"11601.0"},{"n":"465","pts_time":"465.0","fps":"25.0","frame_idx":"11626.0"},{"n":"466","pts_time":"466.0","fps":"25.0","frame_idx":"11651.0"},{"n":"467","pts_time":"467.0","fps":"25.0","frame_idx":"11676.0"},{"n":"468","pts_time":"468.0","fps":"25.0","frame_idx":"11701.0"},{"n":"469","pts_time":"469.0","fps":"25.0","frame_idx":"11726.0"},{"n":"470","pts_time":"470.0","fps":"25.0","frame_idx":"11751.0"},{"n":"471","pts_time":"471.0","fps":"25.0","frame_idx":"11776.0"},{"n":"472","pts_time":"472.0","fps":"25.0","frame_idx":"11801.0"},{"n":"473","pts_time":"473.0","fps":"25.0","frame_idx":"11826.0"},{"n":"474","pts_time":"474.0","fps":"25.0","frame_idx":"11851.0"},{"n":"475","pts_time":"475.0","fps":"25.0","frame_idx":"11876.0"},{"n":"476","pts_time":"476.0","fps":"25.0","frame_idx":"11901.0"},{"n":"477","pts_time":"477.0","fps":"25.0","frame_idx":"11926.0"},{"n":"478","pts_time":"478.0","fps":"25.0","frame_idx":"11951.0"},{"n":"479","pts_time":"479.0","fps":"25.0","frame_idx":"11976.0"},{"n":"480","pts_time":"480.0","fps":"25.0","frame_idx":"12001.0"},{"n":"481","pts_time":"481.0","fps":"25.0","frame_idx":"12026.0"},{"n":"482","pts_time":"482.0","fps":"25.0","frame_idx":"12051.0"},{"n":"483","pts_time":"483.0","fps":"25.0","frame_idx":"12076.0"},{"n":"484","pts_time":"484.0","fps":"25.0","frame_idx":"12101.0"},{"n":"485","pts_time":"485.0","fps":"25.0","frame_idx":"12126.0"},{"n":"486","pts_time":"486.0","fps":"25.0","frame_idx":"12151.0"},{"n":"487","pts_time":"487.0","fps":"25.0","frame_idx":"12176.0"},{"n":"488","pts_time":"488.0","fps":"25.0","frame_idx":"12201.0"},{"n":"489","pts_time":"489.0","fps":"25.0","frame_idx":"12226.0"},{"n":"490","pts_time":"490.0","fps":"25.0","frame_idx":"12251.0"},{"n":"491","pts_time":"491.0","fps":"25.0","frame_idx":"12276.0"},{"n":"492","pts_time":"492.0","fps":"25.0","frame_idx":"12301.0"},{"n":"493","pts_time":"493.0","fps":"25.0","frame_idx":"12326.0"},{"n":"494","pts_time":"494.0","fps":"25.0","frame_idx":"12351.0"},{"n":"495","pts_time":"495.0","fps":"25.0","frame_idx":"12376.0"},{"n":"496","pts_time":"496.0","fps":"25.0","frame_idx":"12401.0"},{"n":"497","pts_time":"497.0","fps":"25.0","frame_idx":"12426.0"},{"n":"498","pts_time":"498.0","fps":"25.0","frame_idx":"12451.0"},{"n":"499","pts_time":"499.0","fps":"25.0","frame_idx":"12476.0"},{"n":"500","pts_time":"500.0","fps":"25.0","frame_idx":"12501.0"},{"n":"501","pts_time":"501.0","fps":"25.0","frame_idx":"12526.0"},{"n":"502","pts_time":"502.0","fps":"25.0","frame_idx":"12551.0"},{"n":"503","pts_time":"503.0","fps":"25.0","frame_idx":"12576.0"},{"n":"504","pts_time":"504.0","fps":"25.0","frame_idx":"12601.0"},{"n":"505","pts_time":"505.0","fps":"25.0","frame_idx":"12626.0"},{"n":"506","pts_time":"506.0","fps":"25.0","frame_idx":"12651.0"},{"n":"507","pts_time":"507.0","fps":"25.0","frame_idx":"12676.0"},{"n":"508","pts_time":"508.0","fps":"25.0","frame_idx":"12701.0"},{"n":"509","pts_time":"509.0","fps":"25.0","frame_idx":"12726.0"},{"n":"510","pts_time":"510.0","fps":"25.0","frame_idx":"12751.0"},{"n":"511","pts_time":"511.0","fps":"25.0","frame_idx":"12776.0"},{"n":"512","pts_time":"512.0","fps":"25.0","frame_idx":"12801.0"},{"n":"513","pts_time":"513.0","fps":"25.0","frame_idx":"12826.0"},{"n":"514","pts_time":"514.0","fps":"25.0","frame_idx":"12851.0"},{"n":"515","pts_time":"515.0","fps":"25.0","frame_idx":"12876.0"},{"n":"516","pts_time":"516.0","fps":"25.0","frame_idx":"12901.0"},{"n":"517","pts_time":"517.0","fps":"25.0","frame_idx":"12926.0"},{"n":"518","pts_time":"518.0","fps":"25.0","frame_idx":"12951.0"},{"n":"519","pts_time":"519.0","fps":"25.0","frame_idx":"12976.0"},{"n":"520","pts_time":"520.0","fps":"25.0","frame_idx":"13001.0"},{"n":"521","pts_time":"521.0","fps":"25.0","frame_idx":"13026.0"},{"n":"522","pts_time":"522.0","fps":"25.0","frame_idx":"13051.0"},{"n":"523","pts_time":"523.0","fps":"25.0","frame_idx":"13076.0"},{"n":"524","pts_time":"524.0","fps":"25.0","frame_idx":"13101.0"},{"n":"525","pts_time":"525.0","fps":"25.0","frame_idx":"13126.0"},{"n":"526","pts_time":"526.0","fps":"25.0","frame_idx":"13151.0"},{"n":"527","pts_time":"527.0","fps":"25.0","frame_idx":"13176.0"},{"n":"528","pts_time":"528.0","fps":"25.0","frame_idx":"13201.0"},{"n":"529","pts_time":"529.0","fps":"25.0","frame_idx":"13226.0"},{"n":"530","pts_time":"530.0","fps":"25.0","frame_idx":"13251.0"},{"n":"531","pts_time":"531.0","fps":"25.0","frame_idx":"13276.0"},{"n":"532","pts_time":"532.0","fps":"25.0","frame_idx":"13301.0"},{"n":"533","pts_time":"533.0","fps":"25.0","frame_idx":"13326.0"},{"n":"534","pts_time":"534.0","fps":"25.0","frame_idx":"13351.0"},{"n":"535","pts_time":"535.0","fps":"25.0","frame_idx":"13376.0"},{"n":"536","pts_time":"536.0","fps":"25.0","frame_idx":"13401.0"},{"n":"537","pts_time":"537.0","fps":"25.0","frame_idx":"13426.0"},{"n":"538","pts_time":"538.0","fps":"25.0","frame_idx":"13451.0"},{"n":"539","pts_time":"539.0","fps":"25.0","frame_idx":"13476.0"},{"n":"540","pts_time":"540.0","fps":"25.0","frame_idx":"13501.0"},{"n":"541","pts_time":"541.0","fps":"25.0","frame_idx":"13526.0"},{"n":"542","pts_time":"542.0","fps":"25.0","frame_idx":"13551.0"},{"n":"543","pts_time":"543.0","fps":"25.0","frame_idx":"13576.0"},{"n":"544","pts_time":"544.0","fps":"25.0","frame_idx":"13601.0"},{"n":"545","pts_time":"545.0","fps":"25.0","frame_idx":"13626.0"},{"n":"546","pts_time":"546.0","fps":"25.0","frame_idx":"13651.0"},{"n":"547","pts_time":"547.0","fps":"25.0","frame_idx":"13676.0"},{"n":"548","pts_time":"548.0","fps":"25.0","frame_idx":"13701.0"},{"n":"549","pts_time":"549.0","fps":"25.0","frame_idx":"13726.0"},{"n":"550","pts_time":"550.0","fps":"25.0","frame_idx":"13751.0"},{"n":"551","pts_time":"551.0","fps":"25.0","frame_idx":"13776.0"},{"n":"552","pts_time":"552.0","fps":"25.0","frame_idx":"13801.0"},{"n":"553","pts_time":"553.0","fps":"25.0","frame_idx":"13826.0"},{"n":"554","pts_time":"554.0","fps":"25.0","frame_idx":"13851.0"},{"n":"555","pts_time":"555.0","fps":"25.0","frame_idx":"13876.0"},{"n":"556","pts_time":"556.0","fps":"25.0","frame_idx":"13901.0"},{"n":"557","pts_time":"557.0","fps":"25.0","frame_idx":"13926.0"},{"n":"558","pts_time":"558.0","fps":"25.0","frame_idx":"13951.0"},{"n":"559","pts_time":"559.0","fps":"25.0","frame_idx":"13976.0"},{"n":"560","pts_time":"560.0","fps":"25.0","frame_idx":"14001.0"},{"n":"561","pts_time":"561.0","fps":"25.0","frame_idx":"14026.0"},{"n":"562","pts_time":"562.0","fps":"25.0","frame_idx":"14051.0"},{"n":"563","pts_time":"563.0","fps":"25.0","frame_idx":"14076.0"},{"n":"564","pts_time":"564.0","fps":"25.0","frame_idx":"14101.0"},{"n":"565","pts_time":"565.0","fps":"25.0","frame_idx":"14126.0"},{"n":"566","pts_time":"566.0","fps":"25.0","frame_idx":"14151.0"},{"n":"567","pts_time":"567.0","fps":"25.0","frame_idx":"14176.0"},{"n":"568","pts_time":"568.0","fps":"25.0","frame_idx":"14201.0"},{"n":"569","pts_time":"569.0","fps":"25.0","frame_idx":"14226.0"},{"n":"570","pts_time":"570.0","fps":"25.0","frame_idx":"14251.0"},{"n":"571","pts_time":"571.0","fps":"25.0","frame_idx":"14276.0"},{"n":"572","pts_time":"572.0","fps":"25.0","frame_idx":"14301.0"},{"n":"573","pts_time":"573.0","fps":"25.0","frame_idx":"14326.0"},{"n":"574","pts_time":"574.0","fps":"25.0","frame_idx":"14351.0"},{"n":"575","pts_time":"575.0","fps":"25.0","frame_idx":"14376.0"},{"n":"576","pts_time":"576.0","fps":"25.0","frame_idx":"14401.0"},{"n":"577","pts_time":"577.0","fps":"25.0","frame_idx":"14426.0"},{"n":"578","pts_time":"578.0","fps":"25.0","frame_idx":"14451.0"},{"n":"579","pts_time":"579.0","fps":"25.0","frame_idx":"14476.0"},{"n":"580","pts_time":"580.0","fps":"25.0","frame_idx":"14501.0"},{"n":"581","pts_time":"581.0","fps":"25.0","frame_idx":"14526.0"},{"n":"582","pts_time":"582.0","fps":"25.0","frame_idx":"14551.0"},{"n":"583","pts_time":"583.0","fps":"25.0","frame_idx":"14576.0"},{"n":"584","pts_time":"584.0","fps":"25.0","frame_idx":"14601.0"},{"n":"585","pts_time":"585.0","fps":"25.0","frame_idx":"14626.0"},{"n":"586","pts_time":"586.0","fps":"25.0","frame_idx":"14651.0"},{"n":"587","pts_time":"587.0","fps":"25.0","frame_idx":"14676.0"},{"n":"588","pts_time":"588.0","fps":"25.0","frame_idx":"14701.0"},{"n":"589","pts_time":"589.0","fps":"25.0","frame_idx":"14726.0"},{"n":"590","pts_time":"590.0","fps":"25.0","frame_idx":"14751.0"},{"n":"591","pts_time":"591.0","fps":"25.0","frame_idx":"14776.0"},{"n":"592","pts_time":"592.0","fps":"25.0","frame_idx":"14801.0"},{"n":"593","pts_time":"593.0","fps":"25.0","frame_idx":"14826.0"},{"n":"594","pts_time":"594.0","fps":"25.0","frame_idx":"14851.0"},{"n":"595","pts_time":"595.0","fps":"25.0","frame_idx":"14876.0"},{"n":"596","pts_time":"596.0","fps":"25.0","frame_idx":"14901.0"},{"n":"597","pts_time":"597.0","fps":"25.0","frame_idx":"14926.0"},{"n":"598","pts_time":"598.0","fps":"25.0","frame_idx":"14951.0"},{"n":"599","pts_time":"599.0","fps":"25.0","frame_idx":"14976.0"},{"n":"600","pts_time":"600.0","fps":"25.0","frame_idx":"15001.0"},{"n":"601","pts_time":"601.0","fps":"25.0","frame_idx":"15026.0"},{"n":"602","pts_time":"602.0","fps":"25.0","frame_idx":"15051.0"},{"n":"603","pts_time":"603.0","fps":"25.0","frame_idx":"15076.0"},{"n":"604","pts_time":"604.0","fps":"25.0","frame_idx":"15101.0"},{"n":"605","pts_time":"605.0","fps":"25.0","frame_idx":"15126.0"},{"n":"606","pts_time":"606.0","fps":"25.0","frame_idx":"15151.0"},{"n":"607","pts_time":"607.0","fps":"25.0","frame_idx":"15176.0"},{"n":"608","pts_time":"608.0","fps":"25.0","frame_idx":"15201.0"},{"n":"609","pts_time":"609.0","fps":"25.0","frame_idx":"15226.0"},{"n":"610","pts_time":"610.0","fps":"25.0","frame_idx":"15251.0"},{"n":"611","pts_time":"611.0","fps":"25.0","frame_idx":"15276.0"},{"n":"612","pts_time":"612.0","fps":"25.0","frame_idx":"15301.0"},{"n":"613","pts_time":"613.0","fps":"25.0","frame_idx":"15326.0"},{"n":"614","pts_time":"614.0","fps":"25.0","frame_idx":"15351.0"},{"n":"615","pts_time":"615.0","fps":"25.0","frame_idx":"15376.0"},{"n":"616","pts_time":"616.0","fps":"25.0","frame_idx":"15401.0"},{"n":"617","pts_time":"617.0","fps":"25.0","frame_idx":"15426.0"},{"n":"618","pts_time":"618.0","fps":"25.0","frame_idx":"15451.0"},{"n":"619","pts_time":"619.0","fps":"25.0","frame_idx":"15476.0"},{"n":"620","pts_time":"620.0","fps":"25.0","frame_idx":"15501.0"},{"n":"621","pts_time":"621.0","fps":"25.0","frame_idx":"15526.0"},{"n":"622","pts_time":"622.0","fps":"25.0","frame_idx":"15551.0"},{"n":"623","pts_time":"623.0","fps":"25.0","frame_idx":"15576.0"},{"n":"624","pts_time":"624.0","fps":"25.0","frame_idx":"15601.0"},{"n":"625","pts_time":"625.0","fps":"25.0","frame_idx":"15626.0"},{"n":"626","pts_time":"626.0","fps":"25.0","frame_idx":"15651.0"},{"n":"627","pts_time":"627.0","fps":"25.0","frame_idx":"15676.0"},{"n":"628","pts_time":"628.0","fps":"25.0","frame_idx":"15701.0"},{"n":"629","pts_time":"629.0","fps":"25.0","frame_idx":"15726.0"},{"n":"630","pts_time":"630.0","fps":"25.0","frame_idx":"15751.0"},{"n":"631","pts_time":"631.0","fps":"25.0","frame_idx":"15776.0"},{"n":"632","pts_time":"632.0","fps":"25.0","frame_idx":"15801.0"},{"n":"633","pts_time":"633.0","fps":"25.0","frame_idx":"15826.0"},{"n":"634","pts_time":"634.0","fps":"25.0","frame_idx":"15851.0"},{"n":"635","pts_time":"635.0","fps":"25.0","frame_idx":"15876.0"},{"n":"636","pts_time":"636.0","fps":"25.0","frame_idx":"15901.0"},{"n":"637","pts_time":"637.0","fps":"25.0","frame_idx":"15926.0"},{"n":"638","pts_time":"638.0","fps":"25.0","frame_idx":"15951.0"},{"n":"639","pts_time":"639.0","fps":"25.0","frame_idx":"15976.0"},{"n":"640","pts_time":"640.0","fps":"25.0","frame_idx":"16001.0"},{"n":"641","pts_time":"641.0","fps":"25.0","frame_idx":"16026.0"},{"n":"642","pts_time":"642.0","fps":"25.0","frame_idx":"16051.0"},{"n":"643","pts_time":"643.0","fps":"25.0","frame_idx":"16076.0"},{"n":"644","pts_time":"644.0","fps":"25.0","frame_idx":"16101.0"},{"n":"645","pts_time":"645.0","fps":"25.0","frame_idx":"16126.0"},{"n":"646","pts_time":"646.0","fps":"25.0","frame_idx":"16151.0"},{"n":"647","pts_time":"647.0","fps":"25.0","frame_idx":"16176.0"},{"n":"648","pts_time":"648.0","fps":"25.0","frame_idx":"16201.0"},{"n":"649","pts_time":"649.0","fps":"25.0","frame_idx":"16226.0"},{"n":"650","pts_time":"650.0","fps":"25.0","frame_idx":"16251.0"},{"n":"651","pts_time":"651.0","fps":"25.0","frame_idx":"16276.0"},{"n":"652","pts_time":"652.0","fps":"25.0","frame_idx":"16301.0"},{"n":"653","pts_time":"653.0","fps":"25.0","frame_idx":"16326.0"},{"n":"654","pts_time":"654.0","fps":"25.0","frame_idx":"16351.0"},{"n":"655","pts_time":"655.0","fps":"25.0","frame_idx":"16376.0"},{"n":"656","pts_time":"656.0","fps":"25.0","frame_idx":"16401.0"},{"n":"657","pts_time":"657.0","fps":"25.0","frame_idx":"16426.0"},{"n":"658","pts_time":"658.0","fps":"25.0","frame_idx":"16451.0"},{"n":"659","pts_time":"659.0","fps":"25.0","frame_idx":"16476.0"},{"n":"660","pts_time":"660.0","fps":"25.0","frame_idx":"16501.0"},{"n":"661","pts_time":"661.0","fps":"25.0","frame_idx":"16526.0"},{"n":"662","pts_time":"662.0","fps":"25.0","frame_idx":"16551.0"},{"n":"663","pts_time":"663.0","fps":"25.0","frame_idx":"16576.0"},{"n":"664","pts_time":"664.0","fps":"25.0","frame_idx":"16601.0"},{"n":"665","pts_time":"665.0","fps":"25.0","frame_idx":"16626.0"},{"n":"666","pts_time":"666.0","fps":"25.0","frame_idx":"16651.0"},{"n":"667","pts_time":"667.0","fps":"25.0","frame_idx":"16676.0"},{"n":"668","pts_time":"668.0","fps":"25.0","frame_idx":"16701.0"},{"n":"669","pts_time":"669.0","fps":"25.0","frame_idx":"16726.0"},{"n":"670","pts_time":"670.0","fps":"25.0","frame_idx":"16751.0"},{"n":"671","pts_time":"671.0","fps":"25.0","frame_idx":"16776.0"},{"n":"672","pts_time":"672.0","fps":"25.0","frame_idx":"16801.0"},{"n":"673","pts_time":"673.0","fps":"25.0","frame_idx":"16826.0"},{"n":"674","pts_time":"674.0","fps":"25.0","frame_idx":"16851.0"},{"n":"675","pts_time":"675.0","fps":"25.0","frame_idx":"16876.0"},{"n":"676","pts_time":"676.0","fps":"25.0","frame_idx":"16901.0"},{"n":"677","pts_time":"677.0","fps":"25.0","frame_idx":"16926.0"},{"n":"678","pts_time":"678.0","fps":"25.0","frame_idx":"16951.0"},{"n":"679","pts_time":"679.0","fps":"25.0","frame_idx":"16976.0"},{"n":"680","pts_time":"680.0","fps":"25.0","frame_idx":"17001.0"},{"n":"681","pts_time":"681.0","fps":"25.0","frame_idx":"17026.0"},{"n":"682","pts_time":"682.0","fps":"25.0","frame_idx":"17051.0"},{"n":"683","pts_time":"683.0","fps":"25.0","frame_idx":"17076.0"},{"n":"684","pts_time":"684.0","fps":"25.0","frame_idx":"17101.0"},{"n":"685","pts_time":"685.0","fps":"25.0","frame_idx":"17126.0"},{"n":"686","pts_time":"686.0","fps":"25.0","frame_idx":"17151.0"},{"n":"687","pts_time":"687.0","fps":"25.0","frame_idx":"17176.0"},{"n":"688","pts_time":"688.0","fps":"25.0","frame_idx":"17201.0"},{"n":"689","pts_time":"689.0","fps":"25.0","frame_idx":"17226.0"},{"n":"690","pts_time":"690.0","fps":"25.0","frame_idx":"17251.0"},{"n":"691","pts_time":"691.0","fps":"25.0","frame_idx":"17276.0"},{"n":"692","pts_time":"692.0","fps":"25.0","frame_idx":"17301.0"},{"n":"693","pts_time":"693.0","fps":"25.0","frame_idx":"17326.0"},{"n":"694","pts_time":"694.0","fps":"25.0","frame_idx":"17351.0"},{"n":"695","pts_time":"695.0","fps":"25.0","frame_idx":"17376.0"},{"n":"696","pts_time":"696.0","fps":"25.0","frame_idx":"17401.0"},{"n":"697","pts_time":"697.0","fps":"25.0","frame_idx":"17426.0"},{"n":"698","pts_time":"698.0","fps":"25.0","frame_idx":"17451.0"},{"n":"699","pts_time":"699.0","fps":"25.0","frame_idx":"17476.0"},{"n":"700","pts_time":"700.0","fps":"25.0","frame_idx":"17501.0"},{"n":"701","pts_time":"701.0","fps":"25.0","frame_idx":"17526.0"},{"n":"702","pts_time":"702.0","fps":"25.0","frame_idx":"17551.0"},{"n":"703","pts_time":"703.0","fps":"25.0","frame_idx":"17576.0"},{"n":"704","pts_time":"704.0","fps":"25.0","frame_idx":"17601.0"},{"n":"705","pts_time":"705.0","fps":"25.0","frame_idx":"17626.0"},{"n":"706","pts_time":"706.0","fps":"25.0","frame_idx":"17651.0"},{"n":"707","pts_time":"707.0","fps":"25.0","frame_idx":"17676.0"},{"n":"708","pts_time":"708.0","fps":"25.0","frame_idx":"17701.0"},{"n":"709","pts_time":"709.0","fps":"25.0","frame_idx":"17726.0"},{"n":"710","pts_time":"710.0","fps":"25.0","frame_idx":"17751.0"},{"n":"711","pts_time":"711.0","fps":"25.0","frame_idx":"17776.0"},{"n":"712","pts_time":"712.0","fps":"25.0","frame_idx":"17801.0"},{"n":"713","pts_time":"713.0","fps":"25.0","frame_idx":"17826.0"},{"n":"714","pts_time":"714.0","fps":"25.0","frame_idx":"17851.0"},{"n":"715","pts_time":"715.0","fps":"25.0","frame_idx":"17876.0"},{"n":"716","pts_time":"716.0","fps":"25.0","frame_idx":"17901.0"},{"n":"717","pts_time":"717.0","fps":"25.0","frame_idx":"17926.0"},{"n":"718","pts_time":"718.0","fps":"25.0","frame_idx":"17951.0"},{"n":"719","pts_time":"719.0","fps":"25.0","frame_idx":"17976.0"},{"n":"720","pts_time":"720.0","fps":"25.0","frame_idx":"18001.0"},{"n":"721","pts_time":"721.0","fps":"25.0","frame_idx":"18026.0"},{"n":"722","pts_time":"722.0","fps":"25.0","frame_idx":"18051.0"},{"n":"723","pts_time":"723.0","fps":"25.0","frame_idx":"18076.0"},{"n":"724","pts_time":"724.0","fps":"25.0","frame_idx":"18101.0"},{"n":"725","pts_time":"725.0","fps":"25.0","frame_idx":"18126.0"},{"n":"726","pts_time":"726.0","fps":"25.0","frame_idx":"18151.0"},{"n":"727","pts_time":"727.0","fps":"25.0","frame_idx":"18176.0"},{"n":"728","pts_time":"728.0","fps":"25.0","frame_idx":"18201.0"},{"n":"729","pts_time":"729.0","fps":"25.0","frame_idx":"18226.0"},{"n":"730","pts_time":"730.0","fps":"25.0","frame_idx":"18251.0"},{"n":"731","pts_time":"731.0","fps":"25.0","frame_idx":"18276.0"},{"n":"732","pts_time":"732.0","fps":"25.0","frame_idx":"18301.0"},{"n":"733","pts_time":"733.0","fps":"25.0","frame_idx":"18326.0"},{"n":"734","pts_time":"734.0","fps":"25.0","frame_idx":"18351.0"},{"n":"735","pts_time":"735.0","fps":"25.0","frame_idx":"18376.0"},{"n":"736","pts_time":"736.0","fps":"25.0","frame_idx":"18401.0"},{"n":"737","pts_time":"737.0","fps":"25.0","frame_idx":"18426.0"},{"n":"738","pts_time":"738.0","fps":"25.0","frame_idx":"18451.0"},{"n":"739","pts_time":"739.0","fps":"25.0","frame_idx":"18476.0"},{"n":"740","pts_time":"740.0","fps":"25.0","frame_idx":"18501.0"},{"n":"741","pts_time":"741.0","fps":"25.0","frame_idx":"18526.0"},{"n":"742","pts_time":"742.0","fps":"25.0","frame_idx":"18551.0"},{"n":"743","pts_time":"743.0","fps":"25.0","frame_idx":"18576.0"},{"n":"744","pts_time":"744.0","fps":"25.0","frame_idx":"18601.0"},{"n":"745","pts_time":"745.0","fps":"25.0","frame_idx":"18626.0"},{"n":"746","pts_time":"746.0","fps":"25.0","frame_idx":"18651.0"},{"n":"747","pts_time":"747.0","fps":"25.0","frame_idx":"18676.0"},{"n":"748","pts_time":"748.0","fps":"25.0","frame_idx":"18701.0"},{"n":"749","pts_time":"749.0","fps":"25.0","frame_idx":"18726.0"},{"n":"750","pts_time":"750.0","fps":"25.0","frame_idx":"18751.0"},{"n":"751","pts_time":"751.0","fps":"25.0","frame_idx":"18776.0"},{"n":"752","pts_time":"752.0","fps":"25.0","frame_idx":"18801.0"},{"n":"753","pts_time":"753.0","fps":"25.0","frame_idx":"18826.0"},{"n":"754","pts_time":"754.0","fps":"25.0","frame_idx":"18851.0"},{"n":"755","pts_time":"755.0","fps":"25.0","frame_idx":"18876.0"},{"n":"756","pts_time":"756.0","fps":"25.0","frame_idx":"18901.0"},{"n":"757","pts_time":"757.0","fps":"25.0","frame_idx":"18926.0"},{"n":"758","pts_time":"758.0","fps":"25.0","frame_idx":"18951.0"},{"n":"759","pts_time":"759.0","fps":"25.0","frame_idx":"18976.0"},{"n":"760","pts_time":"760.0","fps":"25.0","frame_idx":"19001.0"},{"n":"761","pts_time":"761.0","fps":"25.0","frame_idx":"19026.0"},{"n":"762","pts_time":"762.0","fps":"25.0","frame_idx":"19051.0"},{"n":"763","pts_time":"763.0","fps":"25.0","frame_idx":"19076.0"},{"n":"764","pts_time":"764.0","fps":"25.0","frame_idx":"19101.0"},{"n":"765","pts_time":"765.0","fps":"25.0","frame_idx":"19126.0"},{"n":"766","pts_time":"766.0","fps":"25.0","frame_idx":"19151.0"},{"n":"767","pts_time":"767.0","fps":"25.0","frame_idx":"19176.0"},{"n":"768","pts_time":"768.0","fps":"25.0","frame_idx":"19201.0"},{"n":"769","pts_time":"769.0","fps":"25.0","frame_idx":"19226.0"},{"n":"770","pts_time":"770.0","fps":"25.0","frame_idx":"19251.0"},{"n":"771","pts_time":"771.0","fps":"25.0","frame_idx":"19276.0"},{"n":"772","pts_time":"772.0","fps":"25.0","frame_idx":"19301.0"},{"n":"773","pts_time":"773.0","fps":"25.0","frame_idx":"19326.0"},{"n":"774","pts_time":"774.0","fps":"25.0","frame_idx":"19351.0"},{"n":"775","pts_time":"775.0","fps":"25.0","frame_idx":"19376.0"},{"n":"776","pts_time":"776.0","fps":"25.0","frame_idx":"19401.0"},{"n":"777","pts_time":"777.0","fps":"25.0","frame_idx":"19426.0"},{"n":"778","pts_time":"778.0","fps":"25.0","frame_idx":"19451.0"},{"n":"779","pts_time":"779.0","fps":"25.0","frame_idx":"19476.0"},{"n":"780","pts_time":"780.0","fps":"25.0","frame_idx":"19501.0"},{"n":"781","pts_time":"781.0","fps":"25.0","frame_idx":"19526.0"},{"n":"782","pts_time":"782.0","fps":"25.0","frame_idx":"19551.0"},{"n":"783","pts_time":"783.0","fps":"25.0","frame_idx":"19576.0"},{"n":"784","pts_time":"784.0","fps":"25.0","frame_idx":"19601.0"},{"n":"785","pts_time":"785.0","fps":"25.0","frame_idx":"19626.0"},{"n":"786","pts_time":"786.0","fps":"25.0","frame_idx":"19651.0"},{"n":"787","pts_time":"787.0","fps":"25.0","frame_idx":"19676.0"},{"n":"788","pts_time":"788.0","fps":"25.0","frame_idx":"19701.0"},{"n":"789","pts_time":"789.0","fps":"25.0","frame_idx":"19726.0"},{"n":"790","pts_time":"790.0","fps":"25.0","frame_idx":"19751.0"},{"n":"791","pts_time":"791.0","fps":"25.0","frame_idx":"19776.0"},{"n":"792","pts_time":"792.0","fps":"25.0","frame_idx":"19801.0"},{"n":"793","pts_time":"793.0","fps":"25.0","frame_idx":"19826.0"},{"n":"794","pts_time":"794.0","fps":"25.0","frame_idx":"19851.0"},{"n":"795","pts_time":"795.0","fps":"25.0","frame_idx":"19876.0"},{"n":"796","pts_time":"796.0","fps":"25.0","frame_idx":"19901.0"},{"n":"797","pts_time":"797.0","fps":"25.0","frame_idx":"19926.0"},{"n":"798","pts_time":"798.0","fps":"25.0","frame_idx":"19951.0"},{"n":"799","pts_time":"799.0","fps":"25.0","frame_idx":"19976.0"},{"n":"800","pts_time":"800.0","fps":"25.0","frame_idx":"20001.0"},{"n":"801","pts_time":"801.0","fps":"25.0","frame_idx":"20026.0"},{"n":"802","pts_time":"802.0","fps":"25.0","frame_idx":"20051.0"},{"n":"803","pts_time":"803.0","fps":"25.0","frame_idx":"20076.0"},{"n":"804","pts_time":"804.0","fps":"25.0","frame_idx":"20101.0"},{"n":"805","pts_time":"805.0","fps":"25.0","frame_idx":"20126.0"},{"n":"806","pts_time":"806.0","fps":"25.0","frame_idx":"20151.0"},{"n":"807","pts_time":"807.0","fps":"25.0","frame_idx":"20176.0"},{"n":"808","pts_time":"808.0","fps":"25.0","frame_idx":"20201.0"},{"n":"809","pts_time":"809.0","fps":"25.0","frame_idx":"20226.0"},{"n":"810","pts_time":"810.0","fps":"25.0","frame_idx":"20251.0"},{"n":"811","pts_time":"811.0","fps":"25.0","frame_idx":"20276.0"},{"n":"812","pts_time":"812.0","fps":"25.0","frame_idx":"20301.0"},{"n":"813","pts_time":"813.0","fps":"25.0","frame_idx":"20326.0"},{"n":"814","pts_time":"814.0","fps":"25.0","frame_idx":"20351.0"},{"n":"815","pts_time":"815.0","fps":"25.0","frame_idx":"20376.0"},{"n":"816","pts_time":"816.0","fps":"25.0","frame_idx":"20401.0"},{"n":"817","pts_time":"817.0","fps":"25.0","frame_idx":"20426.0"},{"n":"818","pts_time":"818.0","fps":"25.0","frame_idx":"20451.0"},{"n":"819","pts_time":"819.0","fps":"25.0","frame_idx":"20476.0"},{"n":"820","pts_time":"820.0","fps":"25.0","frame_idx":"20501.0"},{"n":"821","pts_time":"821.0","fps":"25.0","frame_idx":"20526.0"},{"n":"822","pts_time":"822.0","fps":"25.0","frame_idx":"20551.0"},{"n":"823","pts_time":"823.0","fps":"25.0","frame_idx":"20576.0"},{"n":"824","pts_time":"824.0","fps":"25.0","frame_idx":"20601.0"},{"n":"825","pts_time":"825.0","fps":"25.0","frame_idx":"20626.0"},{"n":"826","pts_time":"826.0","fps":"25.0","frame_idx":"20651.0"},{"n":"827","pts_time":"827.0","fps":"25.0","frame_idx":"20676.0"},{"n":"828","pts_time":"828.0","fps":"25.0","frame_idx":"20701.0"},{"n":"829","pts_time":"829.0","fps":"25.0","frame_idx":"20726.0"},{"n":"830","pts_time":"830.0","fps":"25.0","frame_idx":"20751.0"},{"n":"831","pts_time":"831.0","fps":"25.0","frame_idx":"20776.0"},{"n":"832","pts_time":"832.0","fps":"25.0","frame_idx":"20801.0"},{"n":"833","pts_time":"833.0","fps":"25.0","frame_idx":"20826.0"},{"n":"834","pts_time":"834.0","fps":"25.0","frame_idx":"20851.0"},{"n":"835","pts_time":"835.0","fps":"25.0","frame_idx":"20876.0"},{"n":"836","pts_time":"836.0","fps":"25.0","frame_idx":"20901.0"},{"n":"837","pts_time":"837.0","fps":"25.0","frame_idx":"20926.0"},{"n":"838","pts_time":"838.0","fps":"25.0","frame_idx":"20951.0"},{"n":"839","pts_time":"839.0","fps":"25.0","frame_idx":"20976.0"},{"n":"840","pts_time":"840.0","fps":"25.0","frame_idx":"21001.0"},{"n":"841","pts_time":"841.0","fps":"25.0","frame_idx":"21026.0"},{"n":"842","pts_time":"842.0","fps":"25.0","frame_idx":"21051.0"},{"n":"843","pts_time":"843.0","fps":"25.0","frame_idx":"21076.0"},{"n":"844","pts_time":"844.0","fps":"25.0","frame_idx":"21101.0"},{"n":"845","pts_time":"845.0","fps":"25.0","frame_idx":"21126.0"},{"n":"846","pts_time":"846.0","fps":"25.0","frame_idx":"21151.0"},{"n":"847","pts_time":"847.0","fps":"25.0","frame_idx":"21176.0"},{"n":"848","pts_time":"848.0","fps":"25.0","frame_idx":"21201.0"},{"n":"849","pts_time":"849.0","fps":"25.0","frame_idx":"21226.0"},{"n":"850","pts_time":"850.0","fps":"25.0","frame_idx":"21251.0"},{"n":"851","pts_time":"851.0","fps":"25.0","frame_idx":"21276.0"},{"n":"852","pts_time":"852.0","fps":"25.0","frame_idx":"21301.0"},{"n":"853","pts_time":"853.0","fps":"25.0","frame_idx":"21326.0"},{"n":"854","pts_time":"854.0","fps":"25.0","frame_idx":"21351.0"},{"n":"855","pts_time":"855.0","fps":"25.0","frame_idx":"21376.0"},{"n":"856","pts_time":"856.0","fps":"25.0","frame_idx":"21401.0"},{"n":"857","pts_time":"857.0","fps":"25.0","frame_idx":"21426.0"},{"n":"858","pts_time":"858.0","fps":"25.0","frame_idx":"21451.0"},{"n":"859","pts_time":"859.0","fps":"25.0","frame_idx":"21476.0"},{"n":"860","pts_time":"860.0","fps":"25.0","frame_idx":"21501.0"},{"n":"861","pts_time":"861.0","fps":"25.0","frame_idx":"21526.0"},{"n":"862","pts_time":"862.0","fps":"25.0","frame_idx":"21551.0"},{"n":"863","pts_time":"863.0","fps":"25.0","frame_idx":"21576.0"},{"n":"864","pts_time":"864.0","fps":"25.0","frame_idx":"21601.0"},{"n":"865","pts_time":"865.0","fps":"25.0","frame_idx":"21626.0"},{"n":"866","pts_time":"866.0","fps":"25.0","frame_idx":"21651.0"},{"n":"867","pts_time":"867.0","fps":"25.0","frame_idx":"21676.0"},{"n":"868","pts_time":"868.0","fps":"25.0","frame_idx":"21701.0"},{"n":"869","pts_time":"869.0","fps":"25.0","frame_idx":"21726.0"},{"n":"870","pts_time":"870.0","fps":"25.0","frame_idx":"21751.0"},{"n":"871","pts_time":"871.0","fps":"25.0","frame_idx":"21776.0"},{"n":"872","pts_time":"872.0","fps":"25.0","frame_idx":"21801.0"},{"n":"873","pts_time":"873.0","fps":"25.0","frame_idx":"21826.0"},{"n":"874","pts_time":"874.0","fps":"25.0","frame_idx":"21851.0"},{"n":"875","pts_time":"875.0","fps":"25.0","frame_idx":"21876.0"},{"n":"876","pts_time":"876.0","fps":"25.0","frame_idx":"21901.0"},{"n":"877","pts_time":"877.0","fps":"25.0","frame_idx":"21926.0"},{"n":"878","pts_time":"878.0","fps":"25.0","frame_idx":"21951.0"},{"n":"879","pts_time":"879.0","fps":"25.0","frame_idx":"21976.0"},{"n":"880","pts_time":"880.0","fps":"25.0","frame_idx":"22001.0"},{"n":"881","pts_time":"881.0","fps":"25.0","frame_idx":"22026.0"},{"n":"882","pts_time":"882.0","fps":"25.0","frame_idx":"22051.0"},{"n":"883","pts_time":"883.0","fps":"25.0","frame_idx":"22076.0"},{"n":"884","pts_time":"884.0","fps":"25.0","frame_idx":"22101.0"},{"n":"885","pts_time":"885.0","fps":"25.0","frame_idx":"22126.0"},{"n":"886","pts_time":"886.0","fps":"25.0","frame_idx":"22151.0"},{"n":"887","pts_time":"887.0","fps":"25.0","frame_idx":"22176.0"},{"n":"888","pts_time":"888.0","fps":"25.0","frame_idx":"22201.0"},{"n":"889","pts_time":"889.0","fps":"25.0","frame_idx":"22226.0"},{"n":"890","pts_time":"890.0","fps":"25.0","frame_idx":"22251.0"},{"n":"891","pts_time":"891.0","fps":"25.0","frame_idx":"22276.0"},{"n":"892","pts_time":"892.0","fps":"25.0","frame_idx":"22301.0"},{"n":"893","pts_time":"893.0","fps":"25.0","frame_idx":"22326.0"},{"n":"894","pts_time":"894.0","fps":"25.0","frame_idx":"22351.0"},{"n":"895","pts_time":"895.0","fps":"25.0","frame_idx":"22376.0"},{"n":"896","pts_time":"896.0","fps":"25.0","frame_idx":"22401.0"},{"n":"897","pts_time":"897.0","fps":"25.0","frame_idx":"22426.0"},{"n":"898","pts_time":"898.0","fps":"25.0","frame_idx":"22451.0"},{"n":"899","pts_time":"899.0","fps":"25.0","frame_idx":"22476.0"},{"n":"900","pts_time":"900.0","fps":"25.0","frame_idx":"22501.0"},{"n":"901","pts_time":"901.0","fps":"25.0","frame_idx":"22526.0"},{"n":"902","pts_time":"902.0","fps":"25.0","frame_idx":"22551.0"},{"n":"903","pts_time":"903.0","fps":"25.0","frame_idx":"22576.0"},{"n":"904","pts_time":"904.0","fps":"25.0","frame_idx":"22601.0"},{"n":"905","pts_time":"905.0","fps":"25.0","frame_idx":"22626.0"},{"n":"906","pts_time":"906.0","fps":"25.0","frame_idx":"22651.0"},{"n":"907","pts_time":"907.0","fps":"25.0","frame_idx":"22676.0"},{"n":"908","pts_time":"908.0","fps":"25.0","frame_idx":"22701.0"},{"n":"909","pts_time":"909.0","fps":"25.0","frame_idx":"22726.0"},{"n":"910","pts_time":"910.0","fps":"25.0","frame_idx":"22751.0"},{"n":"911","pts_time":"911.0","fps":"25.0","frame_idx":"22776.0"},{"n":"912","pts_time":"912.0","fps":"25.0","frame_idx":"22801.0"},{"n":"913","pts_time":"913.0","fps":"25.0","frame_idx":"22826.0"},{"n":"914","pts_time":"914.0","fps":"25.0","frame_idx":"22851.0"},{"n":"915","pts_time":"915.0","fps":"25.0","frame_idx":"22876.0"},{"n":"916","pts_time":"916.0","fps":"25.0","frame_idx":"22901.0"},{"n":"917","pts_time":"917.0","fps":"25.0","frame_idx":"22926.0"},{"n":"918","pts_time":"918.0","fps":"25.0","frame_idx":"22951.0"},{"n":"919","pts_time":"919.0","fps":"25.0","frame_idx":"22976.0"},{"n":"920","pts_time":"920.0","fps":"25.0","frame_idx":"23001.0"},{"n":"921","pts_time":"921.0","fps":"25.0","frame_idx":"23026.0"},{"n":"922","pts_time":"922.0","fps":"25.0","frame_idx":"23051.0"},{"n":"923","pts_time":"923.0","fps":"25.0","frame_idx":"23076.0"},{"n":"924","pts_time":"924.0","fps":"25.0","frame_idx":"23101.0"},{"n":"925","pts_time":"925.0","fps":"25.0","frame_idx":"23126.0"},{"n":"926","pts_time":"926.0","fps":"25.0","frame_idx":"23151.0"},{"n":"927","pts_time":"927.0","fps":"25.0","frame_idx":"23176.0"},{"n":"928","pts_time":"928.0","fps":"25.0","frame_idx":"23201.0"},{"n":"929","pts_time":"929.0","fps":"25.0","frame_idx":"23226.0"},{"n":"930","pts_time":"930.0","fps":"25.0","frame_idx":"23251.0"},{"n":"931","pts_time":"931.0","fps":"25.0","frame_idx":"23276.0"},{"n":"932","pts_time":"932.0","fps":"25.0","frame_idx":"23301.0"},{"n":"933","pts_time":"933.0","fps":"25.0","frame_idx":"23326.0"},{"n":"934","pts_time":"934.0","fps":"25.0","frame_idx":"23351.0"},{"n":"935","pts_time":"935.0","fps":"25.0","frame_idx":"23376.0"},{"n":"936","pts_time":"936.0","fps":"25.0","frame_idx":"23401.0"},{"n":"937","pts_time":"937.0","fps":"25.0","frame_idx":"23426.0"},{"n":"938","pts_time":"938.0","fps":"25.0","frame_idx":"23451.0"},{"n":"939","pts_time":"939.0","fps":"25.0","frame_idx":"23476.0"},{"n":"940","pts_time":"940.0","fps":"25.0","frame_idx":"23501.0"},{"n":"941","pts_time":"941.0","fps":"25.0","frame_idx":"23526.0"},{"n":"942","pts_time":"942.0","fps":"25.0","frame_idx":"23551.0"},{"n":"943","pts_time":"943.0","fps":"25.0","frame_idx":"23576.0"},{"n":"944","pts_time":"944.0","fps":"25.0","frame_idx":"23601.0"},{"n":"945","pts_time":"945.0","fps":"25.0","frame_idx":"23626.0"},{"n":"946","pts_time":"946.0","fps":"25.0","frame_idx":"23651.0"},{"n":"947","pts_time":"947.0","fps":"25.0","frame_idx":"23676.0"},{"n":"948","pts_time":"948.0","fps":"25.0","frame_idx":"23701.0"},{"n":"949","pts_time":"949.0","fps":"25.0","frame_idx":"23726.0"},{"n":"950","pts_time":"950.0","fps":"25.0","frame_idx":"23751.0"},{"n":"951","pts_time":"951.0","fps":"25.0","frame_idx":"23776.0"},{"n":"952","pts_time":"952.0","fps":"25.0","frame_idx":"23801.0"},{"n":"953","pts_time":"953.0","fps":"25.0","frame_idx":"23826.0"},{"n":"954","pts_time":"954.0","fps":"25.0","frame_idx":"23851.0"},{"n":"955","pts_time":"955.0","fps":"25.0","frame_idx":"23876.0"},{"n":"956","pts_time":"956.0","fps":"25.0","frame_idx":"23901.0"},{"n":"957","pts_time":"957.0","fps":"25.0","frame_idx":"23926.0"},{"n":"958","pts_time":"958.0","fps":"25.0","frame_idx":"23951.0"},{"n":"959","pts_time":"959.0","fps":"25.0","frame_idx":"23976.0"},{"n":"960","pts_time":"960.0","fps":"25.0","frame_idx":"24001.0"},{"n":"961","pts_time":"961.0","fps":"25.0","frame_idx":"24026.0"},{"n":"962","pts_time":"962.0","fps":"25.0","frame_idx":"24051.0"},{"n":"963","pts_time":"963.0","fps":"25.0","frame_idx":"24076.0"},{"n":"964","pts_time":"964.0","fps":"25.0","frame_idx":"24101.0"},{"n":"965","pts_time":"965.0","fps":"25.0","frame_idx":"24126.0"},{"n":"966","pts_time":"966.0","fps":"25.0","frame_idx":"24151.0"},{"n":"967","pts_time":"967.0","fps":"25.0","frame_idx":"24176.0"},{"n":"968","pts_time":"968.0","fps":"25.0","frame_idx":"24201.0"},{"n":"969","pts_time":"969.0","fps":"25.0","frame_idx":"24226.0"},{"n":"970","pts_time":"970.0","fps":"25.0","frame_idx":"24251.0"},{"n":"971","pts_time":"971.0","fps":"25.0","frame_idx":"24276.0"},{"n":"972","pts_time":"972.0","fps":"25.0","frame_idx":"24301.0"},{"n":"973","pts_time":"973.0","fps":"25.0","frame_idx":"24326.0"},{"n":"974","pts_time":"974.0","fps":"25.0","frame_idx":"24351.0"},{"n":"975","pts_time":"975.0","fps":"25.0","frame_idx":"24376.0"},{"n":"976","pts_time":"976.0","fps":"25.0","frame_idx":"24401.0"},{"n":"977","pts_time":"977.0","fps":"25.0","frame_idx":"24426.0"},{"n":"978","pts_time":"978.0","fps":"25.0","frame_idx":"24451.0"},{"n":"979","pts_time":"979.0","fps":"25.0","frame_idx":"24476.0"},{"n":"980","pts_time":"980.0","fps":"25.0","frame_idx":"24501.0"},{"n":"981","pts_time":"981.0","fps":"25.0","frame_idx":"24526.0"},{"n":"982","pts_time":"982.0","fps":"25.0","frame_idx":"24551.0"},{"n":"983","pts_time":"983.0","fps":"25.0","frame_idx":"24576.0"},{"n":"984","pts_time":"984.0","fps":"25.0","frame_idx":"24601.0"},{"n":"985","pts_time":"985.0","fps":"25.0","frame_idx":"24626.0"},{"n":"986","pts_time":"986.0","fps":"25.0","frame_idx":"24651.0"},{"n":"987","pts_time":"987.0","fps":"25.0","frame_idx":"24676.0"},{"n":"988","pts_time":"988.0","fps":"25.0","frame_idx":"24701.0"},{"n":"989","pts_time":"989.0","fps":"25.0","frame_idx":"24726.0"},{"n":"990","pts_time":"990.0","fps":"25.0","frame_idx":"24751.0"},{"n":"991","pts_time":"991.0","fps":"25.0","frame_idx":"24776.0"},{"n":"992","pts_time":"992.0","fps":"25.0","frame_idx":"24801.0"},{"n":"993","pts_time":"993.0","fps":"25.0","frame_idx":"24826.0"},{"n":"994","pts_time":"994.0","fps":"25.0","frame_idx":"24851.0"},{"n":"995","pts_time":"995.0","fps":"25.0","frame_idx":"24876.0"},{"n":"996","pts_time":"996.0","fps":"25.0","frame_idx":"24901.0"},{"n":"997","pts_time":"997.0","fps":"25.0","frame_idx":"24926.0"},{"n":"998","pts_time":"998.0","fps":"25.0","frame_idx":"24951.0"},{"n":"999","pts_time":"999.0","fps":"25.0","frame_idx":"24976.0"},{"n":"1000","pts_time":"1000.0","fps":"25.0","frame_idx":"25001.0"},{"n":"1001","pts_time":"1001.0","fps":"25.0","frame_idx":"25026.0"},{"n":"1002","pts_time":"1002.0","fps":"25.0","frame_idx":"25051.0"},{"n":"1003","pts_time":"1003.0","fps":"25.0","frame_idx":"25076.0"},{"n":"1004","pts_time":"1004.0","fps":"25.0","frame_idx":"25101.0"},{"n":"1005","pts_time":"1005.0","fps":"25.0","frame_idx":"25126.0"},{"n":"1006","pts_time":"1006.0","fps":"25.0","frame_idx":"25151.0"},{"n":"1007","pts_time":"1007.0","fps":"25.0","frame_idx":"25176.0"},{"n":"1008","pts_time":"1008.0","fps":"25.0","frame_idx":"25201.0"},{"n":"1009","pts_time":"1009.0","fps":"25.0","frame_idx":"25226.0"},{"n":"1010","pts_time":"1010.0","fps":"25.0","frame_idx":"25251.0"},{"n":"1011","pts_time":"1011.0","fps":"25.0","frame_idx":"25276.0"},{"n":"1012","pts_time":"1012.0","fps":"25.0","frame_idx":"25301.0"},{"n":"1013","pts_time":"1013.0","fps":"25.0","frame_idx":"25326.0"},{"n":"1014","pts_time":"1014.0","fps":"25.0","frame_idx":"25351.0"},{"n":"1015","pts_time":"1015.0","fps":"25.0","frame_idx":"25376.0"},{"n":"1016","pts_time":"1016.0","fps":"25.0","frame_idx":"25401.0"},{"n":"1017","pts_time":"1017.0","fps":"25.0","frame_idx":"25426.0"},{"n":"1018","pts_time":"1018.0","fps":"25.0","frame_idx":"25451.0"},{"n":"1019","pts_time":"1019.0","fps":"25.0","frame_idx":"25476.0"},{"n":"1020","pts_time":"1020.0","fps":"25.0","frame_idx":"25501.0"},{"n":"1021","pts_time":"1021.0","fps":"25.0","frame_idx":"25526.0"},{"n":"1022","pts_time":"1022.0","fps":"25.0","frame_idx":"25551.0"},{"n":"1023","pts_time":"1023.0","fps":"25.0","frame_idx":"25576.0"},{"n":"1024","pts_time":"1024.0","fps":"25.0","frame_idx":"25601.0"},{"n":"1025","pts_time":"1025.0","fps":"25.0","frame_idx":"25626.0"},{"n":"1026","pts_time":"1026.0","fps":"25.0","frame_idx":"25651.0"},{"n":"1027","pts_time":"1027.0","fps":"25.0","frame_idx":"25676.0"},{"n":"1028","pts_time":"1028.0","fps":"25.0","frame_idx":"25701.0"},{"n":"1029","pts_time":"1029.0","fps":"25.0","frame_idx":"25726.0"},{"n":"1030","pts_time":"1030.0","fps":"25.0","frame_idx":"25751.0"},{"n":"1031","pts_time":"1031.0","fps":"25.0","frame_idx":"25776.0"},{"n":"1032","pts_time":"1032.0","fps":"25.0","frame_idx":"25801.0"},{"n":"1033","pts_time":"1033.0","fps":"25.0","frame_idx":"25826.0"},{"n":"1034","pts_time":"1034.0","fps":"25.0","frame_idx":"25851.0"},{"n":"1035","pts_time":"1035.0","fps":"25.0","frame_idx":"25876.0"},{"n":"1036","pts_time":"1036.0","fps":"25.0","frame_idx":"25901.0"},{"n":"1037","pts_time":"1037.0","fps":"25.0","frame_idx":"25926.0"},{"n":"1038","pts_time":"1038.0","fps":"25.0","frame_idx":"25951.0"},{"n":"1039","pts_time":"1039.0","fps":"25.0","frame_idx":"25976.0"},{"n":"1040","pts_time":"1040.0","fps":"25.0","frame_idx":"26001.0"},{"n":"1041","pts_time":"1041.0","fps":"25.0","frame_idx":"26026.0"},{"n":"1042","pts_time":"1042.0","fps":"25.0","frame_idx":"26051.0"},{"n":"1043","pts_time":"1043.0","fps":"25.0","frame_idx":"26076.0"},{"n":"1044","pts_time":"1044.0","fps":"25.0","frame_idx":"26101.0"},{"n":"1045","pts_time":"1045.0","fps":"25.0","frame_idx":"26126.0"},{"n":"1046","pts_time":"1046.0","fps":"25.0","frame_idx":"26151.0"},{"n":"1047","pts_time":"1047.0","fps":"25.0","frame_idx":"26176.0"},{"n":"1048","pts_time":"1048.0","fps":"25.0","frame_idx":"26201.0"},{"n":"1049","pts_time":"1049.0","fps":"25.0","frame_idx":"26226.0"},{"n":"1050","pts_time":"1050.0","fps":"25.0","frame_idx":"26251.0"},{"n":"1051","pts_time":"1051.0","fps":"25.0","frame_idx":"26276.0"},{"n":"1052","pts_time":"1052.0","fps":"25.0","frame_idx":"26301.0"},{"n":"1053","pts_time":"1053.0","fps":"25.0","frame_idx":"26326.0"},{"n":"1054","pts_time":"1054.0","fps":"25.0","frame_idx":"26351.0"},{"n":"1055","pts_time":"1055.0","fps":"25.0","frame_idx":"26376.0"},{"n":"1056","pts_time":"1056.0","fps":"25.0","frame_idx":"26401.0"},{"n":"1057","pts_time":"1057.0","fps":"25.0","frame_idx":"26426.0"},{"n":"1058","pts_time":"1058.0","fps":"25.0","frame_idx":"26451.0"},{"n":"1059","pts_time":"1059.0","fps":"25.0","frame_idx":"26476.0"},{"n":"1060","pts_time":"1060.0","fps":"25.0","frame_idx":"26501.0"},{"n":"1061","pts_time":"1061.0","fps":"25.0","frame_idx":"26526.0"},{"n":"1062","pts_time":"1062.0","fps":"25.0","frame_idx":"26551.0"},{"n":"1063","pts_time":"1063.0","fps":"25.0","frame_idx":"26576.0"},{"n":"1064","pts_time":"1064.0","fps":"25.0","frame_idx":"26601.0"},{"n":"1065","pts_time":"1065.0","fps":"25.0","frame_idx":"26626.0"},{"n":"1066","pts_time":"1066.0","fps":"25.0","frame_idx":"26651.0"},{"n":"1067","pts_time":"1067.0","fps":"25.0","frame_idx":"26676.0"},{"n":"1068","pts_time":"1068.0","fps":"25.0","frame_idx":"26701.0"},{"n":"1069","pts_time":"1069.0","fps":"25.0","frame_idx":"26726.0"},{"n":"1070","pts_time":"1070.0","fps":"25.0","frame_idx":"26751.0"},{"n":"1071","pts_time":"1071.0","fps":"25.0","frame_idx":"26776.0"},{"n":"1072","pts_time":"1072.0","fps":"25.0","frame_idx":"26801.0"},{"n":"1073","pts_time":"1073.0","fps":"25.0","frame_idx":"26826.0"},{"n":"1074","pts_time":"1074.0","fps":"25.0","frame_idx":"26851.0"},{"n":"1075","pts_time":"1075.0","fps":"25.0","frame_idx":"26876.0"},{"n":"1076","pts_time":"1076.0","fps":"25.0","frame_idx":"26901.0"},{"n":"1077","pts_time":"1077.0","fps":"25.0","frame_idx":"26926.0"},{"n":"1078","pts_time":"1078.0","fps":"25.0","frame_idx":"26951.0"},{"n":"1079","pts_time":"1079.0","fps":"25.0","frame_idx":"26976.0"},{"n":"1080","pts_time":"1080.0","fps":"25.0","frame_idx":"27001.0"},{"n":"1081","pts_time":"1081.0","fps":"25.0","frame_idx":"27026.0"},{"n":"1082","pts_time":"1082.0","fps":"25.0","frame_idx":"27051.0"},{"n":"1083","pts_time":"1083.0","fps":"25.0","frame_idx":"27076.0"},{"n":"1084","pts_time":"1084.0","fps":"25.0","frame_idx":"27101.0"},{"n":"1085","pts_time":"1085.0","fps":"25.0","frame_idx":"27126.0"},{"n":"1086","pts_time":"1086.0","fps":"25.0","frame_idx":"27151.0"},{"n":"1087","pts_time":"1087.0","fps":"25.0","frame_idx":"27176.0"},{"n":"1088","pts_time":"1088.0","fps":"25.0","frame_idx":"27201.0"},{"n":"1089","pts_time":"1089.0","fps":"25.0","frame_idx":"27226.0"},{"n":"1090","pts_time":"1090.0","fps":"25.0","frame_idx":"27251.0"},{"n":"1091","pts_time":"1091.0","fps":"25.0","frame_idx":"27276.0"},{"n":"1092","pts_time":"1092.0","fps":"25.0","frame_idx":"27301.0"},{"n":"1093","pts_time":"1093.0","fps":"25.0","frame_idx":"27326.0"},{"n":"1094","pts_time":"1094.0","fps":"25.0","frame_idx":"27351.0"},{"n":"1095","pts_time":"1095.0","fps":"25.0","frame_idx":"27376.0"},{"n":"1096","pts_time":"1096.0","fps":"25.0","frame_idx":"27401.0"},{"n":"1097","pts_time":"1097.0","fps":"25.0","frame_idx":"27426.0"},{"n":"1098","pts_time":"1098.0","fps":"25.0","frame_idx":"27451.0"},{"n":"1099","pts_time":"1099.0","fps":"25.0","frame_idx":"27476.0"},{"n":"1100","pts_time":"1100.0","fps":"25.0","frame_idx":"27501.0"},{"n":"1101","pts_time":"1101.0","fps":"25.0","frame_idx":"27526.0"},{"n":"1102","pts_time":"1102.0","fps":"25.0","frame_idx":"27551.0"},{"n":"1103","pts_time":"1103.0","fps":"25.0","frame_idx":"27576.0"},{"n":"1104","pts_time":"1104.0","fps":"25.0","frame_idx":"27601.0"},{"n":"1105","pts_time":"1105.0","fps":"25.0","frame_idx":"27626.0"},{"n":"1106","pts_time":"1106.0","fps":"25.0","frame_idx":"27651.0"},{"n":"1107","pts_time":"1107.0","fps":"25.0","frame_idx":"27676.0"},{"n":"1108","pts_time":"1108.0","fps":"25.0","frame_idx":"27701.0"},{"n":"1109","pts_time":"1109.0","fps":"25.0","frame_idx":"27726.0"},{"n":"1110","pts_time":"1110.0","fps":"25.0","frame_idx":"27751.0"},{"n":"1111","pts_time":"1111.0","fps":"25.0","frame_idx":"27776.0"},{"n":"1112","pts_time":"1112.0","fps":"25.0","frame_idx":"27801.0"},{"n":"1113","pts_time":"1113.0","fps":"25.0","frame_idx":"27826.0"},{"n":"1114","pts_time":"1114.0","fps":"25.0","frame_idx":"27851.0"},{"n":"1115","pts_time":"1115.0","fps":"25.0","frame_idx":"27876.0"},{"n":"1116","pts_time":"1116.0","fps":"25.0","frame_idx":"27901.0"},{"n":"1117","pts_time":"1117.0","fps":"25.0","frame_idx":"27926.0"},{"n":"1118","pts_time":"1118.0","fps":"25.0","frame_idx":"27951.0"},{"n":"1119","pts_time":"1119.0","fps":"25.0","frame_idx":"27976.0"},{"n":"1120","pts_time":"1120.0","fps":"25.0","frame_idx":"28001.0"},{"n":"1121","pts_time":"1121.0","fps":"25.0","frame_idx":"28026.0"},{"n":"1122","pts_time":"1122.0","fps":"25.0","frame_idx":"28051.0"},{"n":"1123","pts_time":"1123.0","fps":"25.0","frame_idx":"28076.0"},{"n":"1124","pts_time":"1124.0","fps":"25.0","frame_idx":"28101.0"},{"n":"1125","pts_time":"1125.0","fps":"25.0","frame_idx":"28126.0"},{"n":"1126","pts_time":"1126.0","fps":"25.0","frame_idx":"28151.0"},{"n":"1127","pts_time":"1127.0","fps":"25.0","frame_idx":"28176.0"},{"n":"1128","pts_time":"1128.0","fps":"25.0","frame_idx":"28201.0"},{"n":"1129","pts_time":"1129.0","fps":"25.0","frame_idx":"28226.0"},{"n":"1130","pts_time":"1130.0","fps":"25.0","frame_idx":"28251.0"},{"n":"1131","pts_time":"1131.0","fps":"25.0","frame_idx":"28276.0"},{"n":"1132","pts_time":"1132.0","fps":"25.0","frame_idx":"28301.0"},{"n":"1133","pts_time":"1133.0","fps":"25.0","frame_idx":"28326.0"},{"n":"1134","pts_time":"1134.0","fps":"25.0","frame_idx":"28351.0"},{"n":"1135","pts_time":"1135.0","fps":"25.0","frame_idx":"28376.0"},{"n":"1136","pts_time":"1136.0","fps":"25.0","frame_idx":"28401.0"},{"n":"1137","pts_time":"1137.0","fps":"25.0","frame_idx":"28426.0"},{"n":"1138","pts_time":"1138.0","fps":"25.0","frame_idx":"28451.0"},{"n":"1139","pts_time":"1139.0","fps":"25.0","frame_idx":"28476.0"},{"n":"1140","pts_time":"1140.0","fps":"25.0","frame_idx":"28501.0"},{"n":"1141","pts_time":"1141.0","fps":"25.0","frame_idx":"28526.0"},{"n":"1142","pts_time":"1142.0","fps":"25.0","frame_idx":"28551.0"},{"n":"1143","pts_time":"1143.0","fps":"25.0","frame_idx":"28576.0"},{"n":"1144","pts_time":"1144.0","fps":"25.0","frame_idx":"28601.0"}];res.columns = ["n","pts_time","fps","frame_idx"];module.exports = res;